t # 0
v 0 2
v 1 2
v 2 0
v 3 1
v 4 4
v 5 0
v 6 2
v 7 4
v 8 4
v 9 2
v 10 3
v 11 4
v 12 4
v 13 3
v 14 0
v 15 1
v 16 2
v 17 2
v 18 0
v 19 1
e 0 2 0
e 0 3 3
e 0 4 2
e 0 5 4
e 1 4 1
e 2 3 4
e 4 5 2
e 5 12 2
e 5 13 4
e 5 15 2
e 5 16 1
e 5 18 4
e 6 9 2
e 6 12 3
e 7 15 1
e 8 9 0
e 8 10 1
e 8 14 4
e 8 18 2
e 9 10 2
e 9 18 4
e 9 19 4
e 10 11 2
e 10 15 3
e 10 17 3
e 11 12 2
e 11 13 4
e 11 14 1
e 11 18 0
e 12 13 1
e 13 19 4
e 15 18 0
e 17 18 4
e 18 19 0
t # 1
v 0 0 
v 1 2 
v 2 2 
v 3 1 
v 4 4 
v 5 0 
v 6 1 
v 7 0 
v 8 1 
v 9 4 
v 10 2 
v 11 0 
v 12 0 
v 13 4 
v 14 2 
v 15 4 
v 16 4 
v 17 4 
v 18 1 
v 19 1 
e 0 1 3
e 0 3 3
e 0 5 0
e 0 9 2
e 0 10 3
e 0 15 4
e 0 16 2
e 0 19 3
e 1 4 1
e 1 5 2
e 1 8 1
e 1 9 2
e 1 11 2
e 1 12 1
e 1 13 3
e 1 15 2
e 1 16 4
e 2 7 0
e 2 16 1
e 2 19 4
e 3 9 1
e 3 11 0
e 3 17 3
e 4 6 0
e 4 7 1
e 4 8 4
e 4 13 1
e 4 14 2
e 4 15 2
e 4 16 3
e 4 18 2
e 5 12 3
e 5 15 3
e 5 18 3
e 6 12 1
e 6 13 1
e 6 14 3
e 6 15 3
e 6 16 4
e 6 18 3
e 7 10 0
e 8 10 4
e 8 11 1
e 8 13 4
e 8 14 2
e 8 15 3
e 8 16 1
e 9 13 0
e 9 16 1
e 9 17 4
e 9 19 4
e 10 14 2
e 10 19 4
e 11 13 0
e 11 14 2
e 11 15 2
e 11 17 3
e 12 14 4
e 12 15 1
e 12 16 1
e 12 19 2
e 13 14 0
e 13 16 3
e 13 17 4
e 14 17 0
e 14 19 0
e 15 16 1
e 16 17 2
e 16 19 4
e 17 19 3
e 18 19 1
t # 2
v 0 0 
v 1 4 
v 2 0 
v 3 2 
v 4 0 
v 5 1 
v 6 0 
v 7 4 
v 8 3 
v 9 4 
v 10 3 
v 11 2 
v 12 4 
v 13 0 
v 14 0 
v 15 2 
v 16 4 
v 17 3 
v 18 3 
v 19 4 
e 0 9 0
e 1 9 2
e 1 13 0
e 3 9 1
e 4 10 3
e 5 9 0
e 6 11 1
e 10 11 2
e 11 16 3
e 18 19 1
t # 3
v 0 3 
v 1 1 
v 2 3 
v 3 0 
v 4 3 
v 5 0 
v 6 1 
v 7 4 
v 8 4 
v 9 3 
v 10 0 
v 11 4 
v 12 3 
v 13 3 
v 14 2 
v 15 0 
v 16 2 
v 17 3 
v 18 1 
v 19 4 
e 0 8 3
e 0 10 3
e 0 17 1
e 1 6 2
e 1 8 0
e 1 9 3
e 1 10 3
e 1 12 2
e 1 14 1
e 1 16 4
e 2 3 2
e 2 6 0
e 2 8 0
e 2 16 1
e 2 19 4
e 3 4 4
e 3 6 3
e 3 9 4
e 3 12 0
e 3 14 0
e 3 19 2
e 4 7 4
e 4 8 0
e 4 12 4
e 4 13 0
e 4 16 4
e 4 17 4
e 4 19 4
e 5 8 1
e 6 9 3
e 6 15 2
e 7 18 0
e 7 19 0
e 8 11 3
e 8 16 3
e 8 18 0
e 8 19 1
e 9 12 0
e 9 14 0
e 9 15 4
e 9 19 4
e 10 11 4
e 10 12 0
e 10 14 4
e 10 16 2
e 11 13 0
e 11 15 4
e 12 15 4
e 13 16 4
e 13 18 3
e 14 15 1
e 14 19 1
e 15 16 1
t # 4
v 0 1 
v 1 2 
v 2 3 
v 3 3 
v 4 2 
v 5 1 
v 6 4 
v 7 1 
v 8 0 
v 9 2 
v 10 3 
v 11 2 
v 12 2 
v 13 3 
v 14 4 
v 15 0 
v 16 4 
v 17 4 
v 18 2 
v 19 1 
e 3 15 2
e 6 13 3
e 9 16 3
t # 5
v 0 0 
v 1 2 
v 2 1 
v 3 3 
v 4 3 
v 5 3 
v 6 1 
v 7 3 
v 8 3 
v 9 1 
v 10 2 
v 11 2 
v 12 3 
v 13 0 
v 14 2 
v 15 4 
v 16 3 
v 17 3 
v 18 4 
v 19 1 
e 0 3 0
e 0 4 3
e 0 7 2
e 0 11 1
e 0 12 3
e 1 2 2
e 1 4 1
e 1 5 0
e 1 6 1
e 1 8 3
e 1 9 0
e 1 10 1
e 1 17 0
e 1 18 1
e 1 19 4
e 2 3 0
e 2 4 3
e 2 6 1
e 2 8 1
e 2 9 0
e 2 10 1
e 2 12 1
e 2 17 4
e 2 18 4
e 3 4 0
e 3 5 0
e 3 13 2
e 3 17 2
e 3 18 4
e 3 19 2
e 4 5 1
e 4 8 1
e 4 9 4
e 4 14 2
e 4 18 4
e 4 19 4
e 5 6 3
e 5 12 0
e 5 13 3
e 6 8 4
e 6 10 3
e 6 11 2
e 6 14 4
e 6 16 2
e 6 18 1
e 7 11 3
e 7 12 1
e 7 14 1
e 7 16 4
e 7 18 4
e 7 19 1
e 8 9 0
e 8 10 1
e 8 14 2
e 8 17 2
e 8 18 0
e 9 13 4
e 9 14 4
e 9 17 4
e 9 18 4
e 9 19 1
e 10 11 3
e 10 12 0
e 10 14 2
e 10 17 3
e 10 18 2
e 11 14 4
e 12 14 2
e 12 16 0
e 12 17 0
e 13 16 0
e 13 19 3
e 14 18 1
e 15 17 1
e 15 18 0
e 15 19 3
e 16 17 1
e 16 18 1
e 17 19 0
t # 6
v 0 3 
v 1 0 
v 2 1 
v 3 4 
v 4 2 
v 5 1 
v 6 1 
v 7 0 
v 8 4 
v 9 1 
v 10 0 
v 11 3 
v 12 0 
v 13 1 
v 14 2 
v 15 4 
v 16 3 
v 17 1 
v 18 4 
v 19 1 
e 0 1 4
e 0 5 0
e 0 6 3
e 0 7 3
e 0 9 1
e 0 10 0
e 0 12 1
e 0 15 0
e 0 17 4
e 1 4 0
e 1 5 4
e 1 7 0
e 1 8 0
e 1 9 1
e 1 11 3
e 1 17 0
e 1 19 1
e 2 3 4
e 2 6 2
e 2 10 2
e 2 12 1
e 2 13 0
e 2 14 1
e 2 15 3
e 3 4 2
e 3 7 1
e 3 8 1
e 3 9 3
e 3 10 0
e 3 18 4
e 4 5 0
e 4 7 3
e 4 9 3
e 4 12 0
e 4 16 4
e 5 7 4
e 5 10 3
e 5 11 3
e 5 15 2
e 5 16 0
e 6 7 1
e 6 10 0
e 6 11 4
e 6 12 4
e 6 14 3
e 6 15 0
e 6 18 2
e 7 10 3
e 7 11 2
e 7 12 4
e 7 15 3
e 7 16 4
e 7 17 3
e 7 18 2
e 8 9 2
e 8 18 4
e 8 19 2
e 9 10 4
e 9 11 0
e 9 13 1
e 9 15 2
e 9 16 2
e 10 11 3
e 10 16 3
e 10 17 0
e 10 18 2
e 11 13 0
e 11 16 3
e 11 18 2
e 12 15 1
e 12 16 0
e 12 18 3
e 13 14 4
e 13 16 1
e 15 17 2
e 15 19 2
e 16 17 2
t # 7
v 0 2 
v 1 4 
v 2 4 
v 3 2 
v 4 1 
v 5 4 
v 6 0 
v 7 1 
v 8 2 
v 9 4 
v 10 3 
v 11 0 
v 12 4 
v 13 4 
v 14 3 
v 15 3 
v 16 1 
v 17 1 
v 18 2 
v 19 0 
e 0 1 4
e 0 2 3
e 0 4 1
e 0 14 3
e 0 16 3
e 0 17 3
e 1 7 1
e 1 8 3
e 1 11 0
e 1 12 3
e 1 17 4
e 1 18 3
e 1 19 1
e 2 5 2
e 2 6 2
e 2 9 1
e 2 10 3
e 2 13 3
e 2 15 2
e 2 16 2
e 2 19 2
e 3 4 4
e 3 5 4
e 3 6 3
e 3 7 2
e 3 10 4
e 3 13 0
e 4 5 2
e 4 6 4
e 4 9 1
e 4 10 3
e 4 12 4
e 4 13 1
e 4 14 1
e 4 19 3
e 5 6 2
e 5 7 3
e 5 9 4
e 5 16 0
e 6 9 3
e 6 12 3
e 6 14 0
e 7 9 4
e 7 17 1
e 7 18 4
e 7 19 4
e 8 9 3
e 8 12 2
e 8 13 2
e 8 14 3
e 8 17 1
e 8 18 2
e 9 13 1
e 9 16 2
e 9 18 4
e 10 11 2
e 10 12 2
e 10 15 3
e 10 16 1
e 10 19 3
e 11 12 4
e 11 17 3
e 11 18 2
e 11 19 4
e 12 14 1
e 13 14 0
e 13 16 3
e 15 16 0
e 16 18 2
t # 8
v 0 1 
v 1 1 
v 2 4 
v 3 0 
v 4 2 
v 5 0 
v 6 0 
v 7 3 
v 8 3 
v 9 2 
v 10 0 
v 11 4 
v 12 3 
v 13 2 
v 14 1 
v 15 2 
v 16 0 
v 17 2 
v 18 3 
v 19 0 
e 0 5 1
e 0 9 3
e 0 12 4
e 0 18 0
e 1 3 3
e 1 8 4
e 1 9 4
e 1 11 3
e 1 12 1
e 1 14 3
e 1 16 2
e 2 3 3
e 2 4 4
e 2 5 0
e 2 9 4
e 2 10 0
e 2 12 4
e 3 4 2
e 3 7 3
e 3 11 0
e 3 13 4
e 3 16 2
e 3 17 1
e 4 7 3
e 4 11 2
e 4 13 4
e 5 11 3
e 5 13 3
e 5 14 3
e 5 15 2
e 5 19 1
e 6 7 1
e 6 9 2
e 6 10 4
e 6 12 3
e 6 13 2
e 6 14 3
e 6 17 1
e 7 8 2
e 7 9 2
e 7 10 1
e 7 12 4
e 7 14 3
e 7 15 4
e 7 18 3
e 7 19 1
e 8 13 0
e 8 16 0
e 8 18 2
e 9 11 0
e 9 12 3
e 9 13 1
e 9 17 3
e 9 19 2
e 10 13 1
e 11 14 4
e 11 16 3
e 12 15 0
e 12 16 1
e 13 15 2
e 13 17 1
e 14 15 2
e 14 16 2
e 15 16 1
e 15 17 1
e 16 17 0
e 16 19 2
e 17 19 0
e 18 19 3
t # 9
v 0 2 
v 1 3 
v 2 0 
v 3 0 
v 4 1 
v 5 0 
v 6 0 
v 7 1 
v 8 2 
v 9 0 
v 10 2 
v 11 2 
v 12 2 
v 13 1 
v 14 3 
v 15 0 
v 16 0 
v 17 0 
v 18 2 
v 19 1 
e 0 12 0
e 4 15 0
e 5 17 0
e 6 13 0
e 15 16 2
t # 10
v 0 1 
v 1 0 
v 2 1 
v 3 2 
v 4 3 
v 5 3 
v 6 3 
v 7 1 
v 8 3 
v 9 4 
v 10 4 
v 11 0 
v 12 0 
v 13 2 
v 14 4 
v 15 4 
v 16 4 
v 17 1 
v 18 4 
v 19 3 
e 0 5 0
e 0 6 4
e 0 9 4
e 0 11 2
e 0 13 2
e 0 19 3
e 1 2 0
e 1 4 4
e 1 7 3
e 1 8 1
e 1 9 0
e 1 12 2
e 1 15 3
e 1 18 2
e 2 3 0
e 2 5 1
e 2 6 2
e 2 7 4
e 2 9 3
e 2 12 2
e 2 14 2
e 2 15 4
e 2 16 4
e 2 18 4
e 3 8 2
e 3 12 4
e 3 14 4
e 3 15 1
e 3 17 2
e 4 5 4
e 4 7 1
e 4 8 4
e 4 10 1
e 4 14 1
e 4 15 0
e 4 17 2
e 5 6 3
e 5 7 0
e 5 8 1
e 5 9 0
e 5 10 1
e 5 12 4
e 5 13 0
e 5 15 4
e 5 18 0
e 6 7 1
e 6 9 2
e 6 10 3
e 6 13 0
e 6 15 2
e 6 17 2
e 6 18 3
e 7 12 0
e 7 14 4
e 7 15 0
e 7 16 3
e 7 18 0
e 8 9 0
e 8 10 2
e 8 11 2
e 8 12 2
e 8 13 2
e 8 14 2
e 8 15 3
e 8 16 4
e 8 18 0
e 8 19 1
e 9 10 2
e 9 19 1
e 10 12 3
e 10 13 4
e 10 16 4
e 10 17 3
e 10 18 1
e 10 19 4
e 11 13 0
e 11 14 0
e 11 19 4
e 12 15 1
e 12 16 1
e 12 17 3
e 12 18 1
e 12 19 4
e 13 14 2
e 13 17 4
e 14 15 4
e 14 16 2
e 14 17 3
e 15 17 4
e 15 18 1
e 15 19 4
e 16 19 0
e 17 18 1
e 17 19 2
e 18 19 1
t # 11
v 0 2 
v 1 0 
v 2 4 
v 3 2 
v 4 2 
v 5 3 
v 6 4 
v 7 1 
v 8 4 
v 9 0 
v 10 4 
v 11 2 
v 12 0 
v 13 1 
v 14 4 
v 15 0 
v 16 1 
v 17 3 
v 18 3 
v 19 3 
e 0 2 4
e 0 5 3
e 0 10 3
e 0 11 2
e 0 13 4
e 0 15 0
e 0 18 2
e 1 3 2
e 1 6 3
e 1 7 2
e 1 8 4
e 1 10 4
e 1 11 1
e 1 12 1
e 1 15 1
e 1 17 2
e 1 19 1
e 2 8 2
e 2 9 1
e 2 16 1
e 3 5 2
e 3 8 1
e 3 9 0
e 3 11 1
e 3 12 2
e 3 19 4
e 4 8 2
e 4 11 1
e 4 16 4
e 4 17 1
e 4 19 3
e 5 8 3
e 5 10 4
e 5 13 0
e 5 18 4
e 6 13 4
e 6 15 0
e 6 16 2
e 6 19 3
e 7 9 1
e 7 10 1
e 7 12 3
e 7 14 4
e 7 15 4
e 8 11 3
e 8 12 1
e 8 18 4
e 8 19 2
e 9 10 0
e 9 16 0
e 9 17 0
e 10 12 1
e 10 14 1
e 10 16 4
e 10 17 1
e 11 12 0
e 11 14 3
e 12 17 2
e 13 15 4
e 13 17 4
e 13 18 2
e 14 17 4
e 14 18 2
e 14 19 2
e 15 18 0
e 18 19 1
t # 12
v 0 1 
v 1 4 
v 2 1 
v 3 2 
v 4 2 
v 5 3 
v 6 0 
v 7 1 
v 8 4 
v 9 4 
v 10 0 
v 11 2 
v 12 4 
v 13 0 
v 14 3 
v 15 0 
v 16 2 
v 17 4 
v 18 1 
v 19 0 
e 0 1 4
e 0 2 0
e 0 4 1
e 0 5 2
e 0 8 1
e 0 9 4
e 0 11 4
e 0 13 3
e 0 14 3
e 0 19 4
e 1 2 2
e 1 5 2
e 1 6 4
e 1 8 3
e 1 10 4
e 1 16 4
e 1 17 4
e 2 3 3
e 2 6 1
e 2 13 2
e 2 15 3
e 2 18 2
e 3 5 2
e 3 6 2
e 3 8 3
e 3 9 2
e 3 10 2
e 3 11 4
e 3 12 4
e 3 13 4
e 3 17 4
e 4 9 2
e 4 10 4
e 4 12 1
e 5 11 0
e 5 16 0
e 5 19 4
e 6 10 0
e 6 12 4
e 6 18 2
e 7 8 1
e 7 18 1
e 8 10 2
e 8 11 0
e 8 17 3
e 9 14 3
e 10 13 3
e 10 16 4
e 11 13 0
e 12 14 3
e 12 15 1
e 13 17 0
e 13 18 4
e 15 18 0
t # 13
v 0 0 
v 1 1 
v 2 3 
v 3 4 
v 4 0 
v 5 0 
v 6 1 
v 7 4 
v 8 4 
v 9 3 
v 10 4 
v 11 3 
v 12 4 
v 13 3 
v 14 0 
v 15 0 
v 16 0 
v 17 0 
v 18 4 
v 19 1 
e 0 6 0
e 0 9 3
e 0 10 3
e 0 12 1
e 0 13 4
e 0 14 0
e 0 16 1
e 1 3 0
e 1 6 2
e 1 7 0
e 2 10 0
e 2 15 3
e 3 7 4
e 3 19 3
e 4 8 1
e 4 11 4
e 4 13 2
e 4 18 4
e 4 19 0
e 5 12 2
e 5 16 4
e 5 17 2
e 6 8 1
e 6 10 0
e 6 11 0
e 6 13 3
e 6 19 2
e 7 8 1
e 7 9 2
e 7 15 4
e 9 17 4
e 10 11 1
e 10 12 1
e 10 17 1
e 12 13 1
e 12 17 1
e 12 19 4
e 13 17 3
e 15 17 1
e 15 19 0
e 16 19 4
e 17 19 0
t # 14
v 0 4 
v 1 0 
v 2 4 
v 3 2 
v 4 4 
v 5 0 
v 6 2 
v 7 1 
v 8 1 
v 9 1 
v 10 1 
v 11 2 
v 12 0 
v 13 4 
v 14 4 
v 15 4 
v 16 2 
v 17 3 
v 18 3 
v 19 0 
e 0 8 3
e 1 10 0
e 2 3 1
e 3 4 3
e 3 19 2
e 4 7 4
e 4 15 4
e 4 19 3
e 6 9 3
e 6 10 4
e 6 12 2
e 6 14 1
e 7 11 1
e 8 9 3
e 8 19 2
e 10 12 2
e 10 14 0
e 10 16 1
e 10 19 3
e 11 15 3
e 12 17 4
e 13 16 2
e 13 18 4
e 14 16 1
t # 15
v 0 2 
v 1 3 
v 2 0 
v 3 4 
v 4 0 
v 5 1 
v 6 2 
v 7 0 
v 8 0 
v 9 4 
v 10 0 
v 11 3 
v 12 2 
v 13 2 
v 14 3 
v 15 4 
v 16 1 
v 17 3 
v 18 2 
v 19 3 
e 4 11 2
e 11 15 1
t # 16
v 0 1 
v 1 2 
v 2 3 
v 3 2 
v 4 3 
v 5 4 
v 6 2 
v 7 4 
v 8 0 
v 9 3 
v 10 2 
v 11 4 
v 12 4 
v 13 3 
v 14 1 
v 15 3 
v 16 0 
v 17 3 
v 18 0 
v 19 3 
e 0 1 4
e 0 2 0
e 0 4 3
e 0 8 1
e 0 9 0
e 0 11 1
e 0 13 1
e 0 14 2
e 0 15 2
e 0 17 1
e 0 19 4
e 1 2 2
e 1 3 2
e 1 4 0
e 1 9 2
e 1 11 3
e 1 13 3
e 1 14 1
e 1 15 0
e 2 4 2
e 2 10 0
e 2 11 4
e 2 12 2
e 2 19 3
e 3 5 4
e 3 9 3
e 3 12 1
e 3 13 3
e 3 15 1
e 3 17 4
e 3 18 1
e 3 19 4
e 4 6 4
e 4 7 0
e 4 12 4
e 4 13 1
e 4 16 4
e 4 17 4
e 5 6 3
e 5 7 1
e 5 10 1
e 5 13 2
e 5 17 4
e 6 7 4
e 6 12 4
e 6 14 3
e 6 15 1
e 6 16 3
e 6 17 3
e 7 12 0
e 8 10 0
e 8 14 2
e 8 18 3
e 9 11 0
e 9 15 0
e 9 18 1
e 9 19 2
e 10 14 4
e 10 16 3
e 11 13 1
e 11 15 3
e 11 18 3
e 11 19 0
e 12 14 3
e 12 17 2
e 12 19 2
e 13 15 1
e 13 16 1
e 13 17 1
e 14 15 3
e 14 16 4
e 14 18 3
e 14 19 3
e 15 17 3
e 15 18 1
e 16 17 3
e 16 19 1
e 17 18 4
t # 17
v 0 4 
v 1 4 
v 2 4 
v 3 1 
v 4 2 
v 5 1 
v 6 2 
v 7 1 
v 8 0 
v 9 4 
v 10 2 
v 11 4 
v 12 1 
v 13 1 
v 14 0 
v 15 4 
v 16 4 
v 17 2 
v 18 2 
v 19 4 
e 0 13 3
e 0 19 0
e 1 8 0
e 1 15 3
e 2 3 3
e 2 4 2
e 2 12 4
e 2 18 2
e 3 18 0
e 4 5 4
e 4 7 1
e 4 15 0
e 5 9 4
e 5 10 0
e 5 14 4
e 6 13 3
e 6 14 1
e 6 17 0
e 6 18 2
e 7 8 0
e 7 9 4
e 7 16 4
e 8 18 3
e 9 11 3
e 9 18 3
e 10 14 2
e 11 13 4
e 13 19 2
e 14 15 4
e 14 16 0
e 14 18 0
e 15 17 0
e 17 18 4
e 18 19 0
t # 18
v 0 2 
v 1 1 
v 2 2 
v 3 4 
v 4 2 
v 5 0 
v 6 4 
v 7 0 
v 8 3 
v 9 1 
v 10 2 
v 11 0 
v 12 2 
v 13 0 
v 14 3 
v 15 2 
v 16 1 
v 17 2 
v 18 0 
v 19 0 
e 0 2 0
e 0 3 3
e 0 5 2
e 0 8 1
e 0 11 4
e 0 13 0
e 1 3 3
e 1 5 3
e 1 6 2
e 1 8 4
e 1 12 4
e 1 15 1
e 1 19 1
e 2 6 4
e 2 7 1
e 2 9 4
e 2 12 1
e 2 14 0
e 2 15 2
e 2 16 1
e 2 17 1
e 2 18 1
e 3 5 4
e 3 6 3
e 3 7 2
e 3 9 2
e 3 18 4
e 4 7 2
e 4 10 1
e 4 11 1
e 4 12 3
e 4 14 1
e 4 19 3
e 5 6 2
e 5 11 0
e 5 15 4
e 6 8 4
e 6 11 1
e 6 13 2
e 7 8 1
e 7 9 4
e 7 11 4
e 7 12 3
e 7 14 2
e 7 15 3
e 7 16 3
e 8 10 3
e 8 11 0
e 8 13 2
e 8 15 1
e 8 16 4
e 8 17 4
e 8 19 0
e 9 16 2
e 9 17 4
e 10 11 3
e 10 14 2
e 10 17 0
e 11 14 2
e 11 15 2
e 12 14 4
e 12 15 0
e 13 16 1
e 13 18 2
e 14 17 3
e 14 18 1
e 14 19 3
e 15 16 0
e 15 18 3
e 16 17 1
e 16 18 1
e 18 19 1
t # 19
v 0 2 
v 1 2 
v 2 2 
v 3 3 
v 4 0 
v 5 1 
v 6 4 
v 7 1 
v 8 2 
v 9 4 
v 10 0 
v 11 2 
v 12 0 
v 13 2 
v 14 4 
v 15 4 
v 16 3 
v 17 3 
v 18 2 
v 19 4 
e 0 1 2
e 0 3 0
e 0 6 4
e 0 9 1
e 0 11 2
e 0 13 2
e 1 4 2
e 1 5 1
e 1 7 2
e 1 8 0
e 1 10 4
e 1 12 0
e 2 9 1
e 2 15 4
e 2 18 0
e 3 6 3
e 3 9 0
e 3 17 1
e 4 5 0
e 4 9 0
e 4 10 0
e 4 11 2
e 4 15 1
e 4 18 2
e 5 6 2
e 5 9 4
e 5 10 4
e 5 15 1
e 5 16 0
e 6 9 3
e 6 11 2
e 6 12 2
e 6 13 4
e 6 14 1
e 7 10 4
e 7 13 4
e 7 14 1
e 7 15 4
e 8 15 0
e 8 16 3
e 8 18 3
e 9 10 4
e 9 14 4
e 9 17 3
e 9 19 3
e 10 17 3
e 11 12 1
e 11 16 1
e 11 18 1
e 11 19 3
e 12 14 1
e 13 16 3
e 13 19 3
e 14 15 4
e 14 17 3
e 15 16 4
e 15 19 2
e 17 19 3
t # 20
v 0 4 
v 1 2 
v 2 3 
v 3 2 
v 4 0 
v 5 3 
v 6 1 
v 7 4 
v 8 1 
v 9 0 
v 10 4 
v 11 2 
v 12 3 
v 13 0 
v 14 2 
v 15 2 
v 16 4 
v 17 3 
v 18 1 
v 19 1 
e 0 1 2
e 0 2 3
e 0 3 4
e 0 4 2
e 0 7 3
e 0 12 2
e 0 13 4
e 0 17 0
e 1 7 4
e 1 8 3
e 1 9 3
e 1 15 2
e 1 19 0
e 2 4 2
e 2 5 2
e 2 6 2
e 2 7 2
e 2 11 2
e 2 14 0
e 2 16 1
e 2 17 0
e 3 7 0
e 3 8 4
e 3 17 1
e 4 6 4
e 4 7 3
e 4 10 0
e 4 12 1
e 4 14 1
e 4 15 4
e 4 17 4
e 4 18 1
e 5 9 0
e 5 14 4
e 5 15 2
e 5 18 1
e 6 11 4
e 6 12 0
e 6 16 4
e 6 17 2
e 6 19 0
e 7 11 1
e 7 12 1
e 7 16 2
e 7 18 0
e 7 19 4
e 8 11 0
e 8 13 2
e 8 14 1
e 8 18 1
e 9 11 2
e 9 16 3
e 9 18 2
e 10 11 3
e 10 12 1
e 10 14 4
e 10 18 2
e 11 12 0
e 11 14 1
e 11 15 3
e 11 17 2
e 12 13 3
e 12 14 0
e 13 15 4
e 13 16 1
e 13 18 0
e 14 16 0
e 14 17 4
e 14 18 1
e 15 19 2
e 16 17 0
e 17 18 4
e 17 19 1
e 18 19 0
t # 21
v 0 3 
v 1 2 
v 2 2 
v 3 1 
v 4 4 
v 5 4 
v 6 0 
v 7 3 
v 8 0 
v 9 4 
v 10 4 
v 11 3 
v 12 0 
v 13 1 
v 14 4 
v 15 1 
v 16 2 
v 17 1 
v 18 4 
v 19 2 
e 0 9 4
e 0 13 0
e 0 17 0
e 1 14 3
e 2 4 2
e 2 6 3
e 2 17 3
e 3 5 1
e 3 7 2
e 3 8 0
e 3 12 4
e 3 14 1
e 4 7 3
e 5 13 1
e 5 19 2
e 6 8 4
e 6 9 2
e 6 16 2
e 6 19 1
e 7 11 1
e 8 17 1
e 11 17 0
e 12 13 1
e 12 14 4
e 14 16 4
e 15 16 2
e 16 18 3
e 17 18 2
t # 22
v 0 4 
v 1 2 
v 2 2 
v 3 3 
v 4 0 
v 5 3 
v 6 1 
v 7 0 
v 8 3 
v 9 3 
v 10 1 
v 11 1 
v 12 4 
v 13 0 
v 14 1 
v 15 2 
v 16 1 
v 17 0 
v 18 2 
v 19 3 
e 0 5 0
e 0 6 4
e 0 7 3
e 0 8 0
e 0 10 1
e 0 11 4
e 0 13 1
e 0 16 3
e 1 3 4
e 1 4 1
e 1 5 3
e 1 6 3
e 1 8 4
e 1 9 4
e 1 10 4
e 1 12 1
e 1 13 4
e 1 16 2
e 1 17 1
e 2 3 2
e 2 7 1
e 2 8 1
e 2 9 0
e 2 10 1
e 2 11 3
e 2 14 1
e 2 15 0
e 2 18 1
e 3 4 2
e 3 6 3
e 3 16 3
e 3 19 3
e 4 5 1
e 4 6 0
e 4 7 4
e 4 8 3
e 4 14 1
e 4 16 2
e 4 18 3
e 4 19 3
e 5 6 3
e 5 7 4
e 5 9 0
e 5 10 2
e 5 12 1
e 5 14 2
e 5 16 4
e 6 7 4
e 6 11 1
e 6 16 2
e 6 18 1
e 6 19 0
e 7 8 0
e 7 9 4
e 7 10 0
e 7 11 1
e 7 12 4
e 7 13 1
e 7 16 4
e 7 17 4
e 7 18 1
e 8 13 0
e 8 17 0
e 9 11 3
e 9 14 1
e 9 18 2
e 10 12 0
e 10 14 0
e 10 15 2
e 10 19 4
e 11 14 0
e 11 15 4
e 11 16 3
e 11 18 1
e 12 14 2
e 12 15 3
e 12 18 4
e 12 19 3
e 13 15 4
e 13 17 3
e 13 19 3
e 14 15 4
e 14 18 0
e 16 18 2
e 16 19 4
e 17 18 2
e 17 19 4
e 18 19 3
t # 23
v 0 2 
v 1 4 
v 2 4 
v 3 0 
v 4 4 
v 5 1 
v 6 2 
v 7 1 
v 8 2 
v 9 2 
v 10 4 
v 11 4 
v 12 0 
v 13 0 
v 14 1 
v 15 1 
v 16 1 
v 17 2 
v 18 0 
v 19 2 
e 0 1 0
e 0 2 3
e 0 5 3
e 0 6 0
e 0 8 2
e 0 10 4
e 0 13 1
e 0 15 4
e 0 16 3
e 0 19 2
e 1 5 0
e 1 11 2
e 1 13 3
e 1 14 1
e 1 15 2
e 1 16 3
e 1 17 1
e 1 18 3
e 2 3 4
e 2 5 0
e 2 9 4
e 2 14 0
e 2 15 3
e 2 16 3
e 3 5 1
e 3 7 4
e 3 9 2
e 3 10 4
e 3 11 0
e 3 12 0
e 3 14 1
e 3 16 2
e 3 17 0
e 3 18 2
e 3 19 4
e 4 5 1
e 4 6 0
e 4 8 2
e 4 10 2
e 4 13 1
e 4 15 3
e 5 6 1
e 5 9 0
e 5 12 4
e 5 13 4
e 5 15 1
e 5 17 4
e 5 18 4
e 6 8 3
e 6 14 0
e 6 16 4
e 6 18 3
e 7 8 1
e 7 13 2
e 7 15 2
e 7 18 2
e 7 19 3
e 8 10 3
e 8 14 0
e 8 15 4
e 8 18 2
e 9 11 4
e 9 13 3
e 9 15 3
e 9 16 1
e 9 17 4
e 10 11 3
e 10 13 1
e 10 16 1
e 11 16 3
e 11 19 2
e 12 15 2
e 12 17 3
e 12 19 1
e 13 16 4
e 13 17 3
e 13 18 4
e 14 17 4
e 14 18 1
e 15 16 4
e 16 17 0
e 16 19 4
e 17 19 1
e 18 19 1
t # 24
v 0 3 
v 1 0 
v 2 1 
v 3 2 
v 4 0 
v 5 4 
v 6 3 
v 7 3 
v 8 2 
v 9 4 
v 10 2 
v 11 1 
v 12 2 
v 13 4 
v 14 4 
v 15 3 
v 16 0 
v 17 3 
v 18 1 
v 19 2 
e 0 4 2
e 0 5 0
e 0 6 4
e 0 9 0
e 0 10 1
e 0 12 3
e 0 14 0
e 0 15 4
e 1 6 0
e 1 12 0
e 1 13 2
e 2 3 2
e 2 5 3
e 2 6 0
e 2 7 4
e 2 10 1
e 2 14 0
e 2 15 1
e 2 17 1
e 2 18 3
e 2 19 1
e 3 5 4
e 3 10 0
e 3 11 1
e 3 14 1
e 3 16 3
e 3 18 3
e 4 7 0
e 4 8 4
e 4 9 1
e 4 13 3
e 4 17 4
e 5 6 0
e 5 17 3
e 6 7 2
e 6 9 4
e 6 13 4
e 7 8 3
e 7 12 3
e 7 15 3
e 7 17 0
e 8 9 2
e 8 16 3
e 8 17 2
e 8 19 1
e 9 18 2
e 9 19 0
e 10 17 1
e 10 18 3
e 11 12 2
e 11 13 2
e 11 15 1
e 12 13 1
e 12 18 3
e 12 19 3
e 13 16 0
e 13 17 1
e 14 17 0
e 14 19 3
e 16 19 1
t # 25
v 0 4 
v 1 0 
v 2 4 
v 3 3 
v 4 0 
v 5 3 
v 6 3 
v 7 0 
v 8 1 
v 9 2 
v 10 4 
v 11 4 
v 12 1 
v 13 2 
v 14 0 
v 15 3 
v 16 1 
v 17 0 
v 18 3 
v 19 0 
e 0 4 2
e 0 8 4
e 0 10 0
e 0 11 0
e 0 15 0
e 0 17 1
e 1 3 0
e 1 7 4
e 1 8 0
e 2 3 4
e 2 12 1
e 2 17 3
e 3 5 0
e 3 10 4
e 3 12 0
e 3 14 4
e 3 16 4
e 3 17 4
e 4 8 2
e 4 10 0
e 4 15 1
e 4 19 0
e 5 9 1
e 5 16 4
e 6 12 0
e 6 14 2
e 6 15 1
e 6 19 4
e 7 11 2
e 7 14 1
e 7 16 1
e 7 17 1
e 7 18 2
e 8 14 1
e 8 17 4
e 8 19 2
e 9 14 1
e 9 19 2
e 10 14 4
e 11 18 1
e 13 15 4
e 13 17 1
e 14 15 0
e 15 16 2
e 17 18 0
t # 26
v 0 4 
v 1 1 
v 2 1 
v 3 0 
v 4 1 
v 5 1 
v 6 3 
v 7 1 
v 8 3 
v 9 2 
v 10 1 
v 11 0 
v 12 3 
v 13 0 
v 14 4 
v 15 2 
v 16 2 
v 17 4 
v 18 1 
v 19 1 
e 0 1 3
e 0 3 2
e 0 4 4
e 0 6 1
e 0 7 0
e 0 8 4
e 0 9 2
e 0 11 0
e 0 12 4
e 0 13 0
e 0 15 2
e 1 2 0
e 1 8 2
e 1 9 2
e 1 11 4
e 1 16 1
e 1 18 3
e 1 19 2
e 2 10 2
e 2 11 0
e 2 13 1
e 2 15 3
e 2 17 3
e 3 5 2
e 3 10 1
e 3 11 4
e 3 13 1
e 3 15 4
e 3 16 4
e 4 6 3
e 4 14 4
e 4 15 4
e 4 17 0
e 4 19 4
e 5 8 1
e 5 9 0
e 5 10 4
e 5 11 1
e 5 12 3
e 5 13 3
e 5 17 1
e 5 19 0
e 6 8 4
e 6 12 4
e 6 14 2
e 7 8 2
e 7 14 2
e 7 18 4
e 8 11 4
e 8 14 2
e 8 16 0
e 8 18 0
e 9 13 2
e 9 16 2
e 9 18 2
e 9 19 2
e 10 16 2
e 10 17 3
e 10 19 1
e 11 14 2
e 11 17 4
e 11 18 0
e 12 14 2
e 12 19 0
e 13 14 0
e 13 16 2
e 14 18 0
e 15 16 4
e 15 17 1
e 16 18 3
e 17 18 2
e 18 19 2
t # 27
v 0 4 
v 1 2 
v 2 3 
v 3 4 
v 4 2 
v 5 4 
v 6 0 
v 7 1 
v 8 2 
v 9 4 
v 10 4 
v 11 0 
v 12 3 
v 13 1 
v 14 4 
v 15 4 
v 16 2 
v 17 0 
v 18 0 
v 19 4 
e 0 1 3
e 0 5 2
e 0 6 3
e 0 7 1
e 0 11 2
e 0 12 4
e 0 13 1
e 0 14 3
e 0 19 0
e 1 2 4
e 1 5 4
e 1 6 4
e 1 7 2
e 1 8 4
e 1 9 4
e 1 11 3
e 1 13 1
e 2 4 1
e 2 5 3
e 2 9 0
e 2 10 2
e 2 11 2
e 2 13 3
e 2 14 0
e 2 15 3
e 2 18 1
e 3 4 4
e 3 6 4
e 3 7 0
e 3 9 0
e 3 13 1
e 3 14 2
e 3 15 2
e 3 18 0
e 4 6 4
e 4 8 2
e 4 9 1
e 4 11 3
e 4 12 0
e 4 14 1
e 4 15 2
e 5 6 3
e 5 9 3
e 5 11 3
e 5 12 2
e 5 14 4
e 5 15 3
e 5 18 1
e 6 8 2
e 6 10 2
e 6 13 3
e 6 14 3
e 7 8 0
e 7 14 3
e 8 9 2
e 8 12 4
e 8 13 2
e 8 14 1
e 8 16 4
e 8 17 0
e 8 18 4
e 8 19 2
e 9 12 0
e 10 12 4
e 10 13 3
e 10 15 2
e 10 16 3
e 10 17 1
e 10 19 3
e 11 17 1
e 11 19 3
e 12 14 1
e 12 15 4
e 12 16 1
e 12 18 3
e 13 14 1
e 13 15 3
e 13 18 1
e 13 19 3
e 14 17 2
e 14 18 2
e 14 19 0
e 15 16 0
e 16 17 1
e 16 19 0
e 17 18 0
e 17 19 4
t # 28
v 0 1 
v 1 0 
v 2 3 
v 3 0 
v 4 0 
v 5 4 
v 6 4 
v 7 0 
v 8 4 
v 9 0 
v 10 3 
v 11 0 
v 12 4 
v 13 4 
v 14 4 
v 15 2 
v 16 3 
v 17 3 
v 18 4 
v 19 0 
e 0 4 1
e 0 5 1
e 0 6 4
e 0 18 1
e 1 2 2
e 1 8 4
e 1 9 4
e 1 10 3
e 1 15 3
e 2 4 4
e 2 5 1
e 2 17 3
e 3 18 3
e 5 6 3
e 5 7 3
e 5 18 4
e 7 10 4
e 9 13 1
e 9 17 3
e 10 12 2
e 11 18 2
e 12 18 4
e 13 17 1
e 14 16 0
e 14 17 2
e 16 19 0
t # 29
v 0 3 
v 1 1 
v 2 3 
v 3 3 
v 4 1 
v 5 4 
v 6 3 
v 7 0 
v 8 4 
v 9 2 
v 10 0 
v 11 0 
v 12 1 
v 13 4 
v 14 3 
v 15 2 
v 16 4 
v 17 3 
v 18 4 
v 19 2 
e 0 2 4
e 0 4 0
e 0 5 4
e 0 6 3
e 0 8 4
e 0 9 3
e 0 11 2
e 0 12 4
e 1 6 4
e 2 7 1
e 2 9 2
e 2 10 0
e 2 13 3
e 2 14 2
e 2 15 0
e 2 17 4
e 3 4 2
e 3 7 4
e 4 5 2
e 4 8 4
e 4 9 1
e 4 13 0
e 4 16 3
e 4 17 1
e 4 18 0
e 5 8 3
e 5 9 3
e 5 13 2
e 5 15 1
e 5 16 4
e 5 18 3
e 6 8 0
e 6 9 0
e 6 13 0
e 6 14 0
e 6 15 0
e 7 9 3
e 7 14 2
e 7 16 4
e 7 18 2
e 7 19 0
e 8 9 0
e 8 11 1
e 8 14 0
e 8 17 2
e 9 11 3
e 9 14 0
e 9 16 2
e 9 18 4
e 10 11 0
e 10 12 1
e 10 15 1
e 10 17 1
e 11 12 2
e 11 15 1
e 12 14 1
e 13 17 3
e 13 18 4
e 13 19 0
e 14 15 2
e 14 16 3
e 14 17 2
e 15 17 3
e 15 18 4
e 16 18 0
t # 30
v 0 1 
v 1 1 
v 2 3 
v 3 3 
v 4 1 
v 5 1 
v 6 2 
v 7 0 
v 8 0 
v 9 1 
v 10 1 
v 11 1 
v 12 3 
v 13 1 
v 14 1 
v 15 2 
v 16 1 
v 17 1 
v 18 2 
v 19 4 
e 0 2 4
e 0 4 3
e 0 7 2
e 1 3 1
e 1 6 3
e 2 14 2
e 2 17 3
e 3 17 1
e 4 12 2
e 4 14 1
e 5 6 0
e 6 7 1
e 6 18 2
e 7 8 1
e 7 17 1
e 7 18 4
e 8 11 3
e 8 18 2
e 9 13 1
e 9 15 2
e 9 17 2
e 10 12 0
e 10 13 3
e 10 16 3
e 11 12 0
e 11 13 2
e 13 19 4
e 16 17 0
t # 31
v 0 1 
v 1 1 
v 2 0 
v 3 0 
v 4 4 
v 5 2 
v 6 4 
v 7 2 
v 8 2 
v 9 1 
v 10 2 
v 11 0 
v 12 2 
v 13 2 
v 14 3 
v 15 4 
v 16 0 
v 17 4 
v 18 4 
v 19 1 
e 0 5 2
e 0 12 1
e 0 16 0
e 0 17 2
e 1 12 2
e 2 6 1
e 2 7 2
e 2 9 2
e 3 5 4
e 3 10 0
e 3 14 3
e 3 16 0
e 3 19 4
e 4 5 1
e 4 6 3
e 4 9 4
e 5 8 2
e 5 11 2
e 5 12 0
e 6 7 2
e 6 9 0
e 6 16 3
e 6 17 3
e 6 19 3
e 7 12 3
e 7 18 3
e 8 13 1
e 9 15 0
e 10 12 4
e 11 13 2
e 11 15 2
e 11 18 0
e 13 17 0
e 13 19 2
e 14 17 1
e 15 17 1
e 15 18 4
t # 32
v 0 1 
v 1 4 
v 2 1 
v 3 3 
v 4 2 
v 5 2 
v 6 1 
v 7 1 
v 8 3 
v 9 2 
v 10 2 
v 11 4 
v 12 2 
v 13 2 
v 14 2 
v 15 2 
v 16 3 
v 17 3 
v 18 0 
v 19 1 
e 0 1 4
e 0 7 4
e 0 9 3
e 0 11 3
e 0 13 2
e 0 18 1
e 1 2 2
e 1 4 2
e 1 5 3
e 1 8 3
e 1 10 3
e 1 13 4
e 1 14 1
e 1 18 1
e 1 19 2
e 2 4 0
e 2 5 3
e 2 6 4
e 2 7 0
e 2 8 2
e 2 12 0
e 2 15 3
e 2 16 1
e 2 18 4
e 3 5 4
e 3 6 1
e 3 7 2
e 3 8 1
e 3 10 4
e 3 15 3
e 3 16 1
e 4 5 3
e 4 6 2
e 4 7 4
e 4 12 0
e 4 14 2
e 4 16 3
e 4 18 3
e 4 19 0
e 5 9 1
e 5 14 0
e 5 15 2
e 5 16 4
e 5 18 4
e 6 14 0
e 6 18 2
e 7 8 1
e 7 9 1
e 7 13 1
e 7 19 0
e 8 10 3
e 8 13 1
e 8 17 0
e 8 18 4
e 9 13 4
e 9 15 1
e 9 18 0
e 9 19 0
e 10 13 1
e 10 14 2
e 10 16 3
e 10 17 3
e 10 19 2
e 11 12 3
e 11 13 4
e 11 14 3
e 11 15 2
e 11 16 3
e 11 17 4
e 12 15 3
e 12 17 1
e 12 19 3
e 13 14 3
e 13 16 4
e 13 19 4
e 14 15 0
e 16 17 4
e 17 18 3
e 17 19 4
t # 33
v 0 4 
v 1 0 
v 2 3 
v 3 4 
v 4 0 
v 5 4 
v 6 4 
v 7 1 
v 8 1 
v 9 1 
v 10 0 
v 11 4 
v 12 4 
v 13 0 
v 14 1 
v 15 4 
v 16 0 
v 17 2 
v 18 0 
v 19 3 
e 0 9 4
e 1 10 3
e 4 12 0
e 5 8 4
e 5 17 4
e 6 12 4
e 7 15 2
e 8 18 0
e 9 15 2
e 9 16 4
e 11 14 2
e 13 16 2
t # 34
v 0 3 
v 1 3 
v 2 0 
v 3 3 
v 4 0 
v 5 3 
v 6 3 
v 7 2 
v 8 1 
v 9 1 
v 10 4 
v 11 0 
v 12 1 
v 13 2 
v 14 2 
v 15 2 
v 16 3 
v 17 4 
v 18 2 
v 19 3 
e 0 8 2
e 0 18 4
e 1 11 4
e 3 9 3
e 3 11 2
e 4 5 3
e 4 17 4
e 5 9 4
e 6 17 0
e 7 15 4
e 9 13 0
e 11 17 4
e 15 18 3
t # 35
v 0 0 
v 1 0 
v 2 1 
v 3 3 
v 4 4 
v 5 3 
v 6 1 
v 7 1 
v 8 0 
v 9 4 
v 10 0 
v 11 1 
v 12 2 
v 13 1 
v 14 0 
v 15 3 
v 16 0 
v 17 1 
v 18 3 
v 19 3 
e 0 5 3
e 0 12 3
e 0 17 1
e 0 18 1
e 1 13 3
e 1 16 4
e 2 15 3
e 3 10 3
e 3 12 0
e 4 7 0
e 4 10 3
e 4 19 1
e 5 6 1
e 5 7 3
e 5 11 0
e 5 14 3
e 5 15 0
e 6 7 0
e 6 9 0
e 6 12 1
e 6 13 2
e 6 14 1
e 7 14 0
e 7 17 0
e 8 9 1
e 8 17 4
e 9 11 2
e 9 13 4
e 10 19 4
e 11 15 4
e 11 19 4
e 12 13 2
e 12 18 2
e 15 16 4
e 15 17 4
e 15 18 4
t # 36
v 0 2 
v 1 0 
v 2 4 
v 3 0 
v 4 4 
v 5 2 
v 6 0 
v 7 1 
v 8 0 
v 9 3 
v 10 4 
v 11 1 
v 12 2 
v 13 0 
v 14 4 
v 15 1 
v 16 4 
v 17 0 
v 18 2 
v 19 4 
e 0 3 1
e 0 4 2
e 0 6 2
e 0 9 0
e 0 12 4
e 0 14 2
e 0 15 3
e 0 19 1
e 1 3 1
e 1 4 1
e 1 6 0
e 1 8 4
e 1 9 1
e 1 12 2
e 1 13 3
e 1 16 1
e 1 17 0
e 2 5 0
e 2 6 4
e 2 9 1
e 2 16 1
e 2 18 4
e 2 19 4
e 3 7 2
e 3 8 1
e 3 9 0
e 3 10 2
e 3 11 4
e 3 19 4
e 4 7 4
e 4 8 3
e 4 10 0
e 4 13 1
e 4 18 4
e 5 6 0
e 5 12 0
e 5 14 0
e 5 17 4
e 6 9 2
e 6 10 3
e 6 12 1
e 6 15 1
e 6 16 3
e 7 8 2
e 7 12 3
e 7 13 4
e 7 14 1
e 7 15 3
e 7 16 1
e 7 18 3
e 7 19 0
e 8 13 0
e 8 15 1
e 9 12 3
e 9 13 4
e 9 16 3
e 9 18 4
e 10 11 4
e 10 15 2
e 10 16 0
e 10 17 0
e 11 14 4
e 11 15 1
e 11 19 1
e 13 17 3
e 15 16 1
e 15 19 1
e 16 18 4
e 16 19 2
e 17 18 4
e 18 19 1
t # 37
v 0 4 
v 1 3 
v 2 4 
v 3 1 
v 4 1 
v 5 2 
v 6 4 
v 7 3 
v 8 4 
v 9 2 
v 10 4 
v 11 2 
v 12 1 
v 13 4 
v 14 4 
v 15 3 
v 16 0 
v 17 2 
v 18 2 
v 19 1 
e 0 1 2
e 0 2 1
e 0 10 3
e 0 14 3
e 0 15 4
e 0 16 1
e 0 17 3
e 0 19 4
e 1 4 0
e 1 5 4
e 1 11 3
e 2 5 1
e 2 8 3
e 2 9 0
e 2 14 0
e 2 17 4
e 2 19 3
e 3 8 1
e 3 9 2
e 3 10 3
e 3 19 4
e 4 5 2
e 4 6 2
e 4 8 0
e 4 12 3
e 5 6 1
e 5 7 0
e 5 19 2
e 6 9 1
e 6 11 2
e 6 14 2
e 6 15 4
e 7 11 0
e 7 12 2
e 7 15 3
e 7 17 4
e 8 10 4
e 8 15 3
e 8 16 2
e 8 17 1
e 8 18 4
e 8 19 1
e 9 10 1
e 9 16 3
e 9 17 1
e 9 18 1
e 10 12 1
e 10 15 0
e 11 12 2
e 11 18 2
e 11 19 3
e 12 18 0
e 12 19 2
e 15 17 0
e 15 18 3
e 17 18 4
t # 38
v 0 0 
v 1 2 
v 2 4 
v 3 0 
v 4 1 
v 5 1 
v 6 3 
v 7 0 
v 8 0 
v 9 0 
v 10 2 
v 11 3 
v 12 2 
v 13 2 
v 14 4 
v 15 4 
v 16 3 
v 17 0 
v 18 3 
v 19 3 
e 0 1 1
e 0 7 0
e 0 9 1
e 0 12 1
e 1 2 2
e 1 6 2
e 1 8 3
e 1 12 4
e 1 17 3
e 2 5 0
e 2 9 4
e 2 10 2
e 2 11 3
e 2 13 0
e 2 14 4
e 2 16 0
e 2 18 1
e 3 12 0
e 3 16 2
e 4 6 4
e 4 8 4
e 4 9 2
e 4 13 0
e 4 19 1
e 5 6 4
e 5 7 0
e 5 14 0
e 5 18 1
e 6 7 2
e 6 9 1
e 6 11 4
e 6 18 3
e 7 17 3
e 8 15 0
e 8 19 2
e 9 15 4
e 10 13 1
e 10 16 0
e 12 14 4
e 12 17 1
e 13 15 4
e 15 18 3
t # 39
v 0 4 
v 1 1 
v 2 2 
v 3 1 
v 4 3 
v 5 1 
v 6 0 
v 7 0 
v 8 3 
v 9 1 
v 10 0 
v 11 0 
v 12 2 
v 13 2 
v 14 0 
v 15 3 
v 16 0 
v 17 2 
v 18 1 
v 19 3 
e 0 9 4
e 0 12 4
e 0 13 4
e 1 10 2
e 2 3 0
e 4 15 1
e 5 12 0
e 5 13 1
e 7 8 3
e 8 16 2
e 10 13 1
e 11 16 1
e 12 17 1
e 13 16 3
e 15 17 0
t # 40
v 0 3 
v 1 0 
v 2 4 
v 3 2 
v 4 1 
v 5 3 
v 6 2 
v 7 3 
v 8 0 
v 9 0 
v 10 2 
v 11 2 
v 12 4 
v 13 1 
v 14 0 
v 15 0 
v 16 4 
v 17 1 
v 18 1 
v 19 2 
e 0 4 1
e 0 7 2
e 0 12 1
e 0 17 2
e 1 2 3
e 1 3 3
e 1 4 1
e 1 5 0
e 1 7 3
e 1 8 0
e 1 14 2
e 1 16 1
e 2 5 1
e 2 7 2
e 2 18 1
e 2 19 4
e 3 5 4
e 3 6 4
e 3 9 3
e 3 10 3
e 3 12 2
e 3 17 4
e 3 18 0
e 3 19 2
e 4 7 0
e 4 8 2
e 4 17 1
e 5 7 0
e 5 9 2
e 5 10 4
e 5 12 0
e 5 14 3
e 5 17 4
e 6 8 1
e 6 14 2
e 6 18 1
e 6 19 0
e 7 13 3
e 7 15 0
e 7 16 1
e 7 17 1
e 7 18 4
e 7 19 2
e 8 10 0
e 8 11 4
e 8 12 4
e 8 13 2
e 8 16 1
e 8 18 1
e 9 13 0
e 9 15 2
e 9 18 4
e 9 19 1
e 11 12 0
e 11 15 2
e 12 16 3
e 12 17 4
e 12 19 1
e 13 14 4
e 14 17 3
e 17 19 0
t # 41
v 0 1 
v 1 3 
v 2 4 
v 3 1 
v 4 3 
v 5 0 
v 6 0 
v 7 3 
v 8 0 
v 9 2 
v 10 0 
v 11 2 
v 12 2 
v 13 4 
v 14 1 
v 15 4 
v 16 3 
v 17 4 
v 18 2 
v 19 0 
e 0 6 3
e 0 10 1
e 0 13 1
e 0 18 4
e 1 2 0
e 1 4 1
e 1 5 4
e 1 6 3
e 1 8 0
e 1 14 0
e 2 8 0
e 2 12 1
e 2 13 1
e 2 15 2
e 2 19 2
e 4 9 2
e 4 12 2
e 4 16 1
e 4 17 1
e 5 7 4
e 5 12 1
e 5 16 2
e 6 8 0
e 6 9 3
e 6 10 4
e 7 13 4
e 8 12 1
e 10 17 0
e 11 19 0
e 12 15 4
e 12 16 2
e 13 16 4
t # 42
v 0 4 
v 1 0 
v 2 0 
v 3 3 
v 4 0 
v 5 2 
v 6 4 
v 7 1 
v 8 3 
v 9 4 
v 10 4 
v 11 0 
v 12 2 
v 13 4 
v 14 1 
v 15 2 
v 16 2 
v 17 3 
v 18 4 
v 19 4 
e 0 2 2
e 0 3 3
e 0 5 4
e 0 10 0
e 0 12 3
e 0 19 2
e 1 6 1
e 1 12 0
e 1 14 3
e 1 18 3
e 1 19 2
e 2 3 2
e 2 6 0
e 2 7 0
e 2 8 2
e 2 10 3
e 2 12 4
e 2 14 4
e 2 19 3
e 3 6 0
e 4 10 3
e 4 11 4
e 4 12 0
e 4 13 1
e 5 6 0
e 5 10 3
e 5 12 4
e 5 14 0
e 5 15 2
e 6 9 2
e 6 12 4
e 6 13 4
e 6 16 0
e 7 8 2
e 7 10 0
e 7 11 4
e 7 14 3
e 9 13 3
e 9 14 2
e 9 15 0
e 9 18 1
e 9 19 2
e 10 13 2
e 10 15 3
e 10 18 4
e 11 12 2
e 11 17 2
e 11 19 4
e 12 13 2
e 13 17 3
e 14 17 2
e 16 17 4
e 16 19 1
e 17 18 3
e 18 19 0
t # 43
v 0 3 
v 1 4 
v 2 0 
v 3 0 
v 4 1 
v 5 4 
v 6 3 
v 7 0 
v 8 1 
v 9 1 
v 10 4 
v 11 3 
v 12 1 
v 13 0 
v 14 4 
v 15 0 
v 16 2 
v 17 1 
v 18 3 
v 19 0 
e 0 2 4
e 0 4 2
e 0 7 3
e 0 10 0
e 0 12 0
e 0 16 0
e 0 17 1
e 0 19 0
e 1 6 1
e 1 9 1
e 1 10 1
e 1 11 4
e 1 13 3
e 1 17 3
e 1 18 2
e 1 19 4
e 2 3 0
e 2 5 1
e 2 6 1
e 2 9 1
e 2 11 4
e 2 12 3
e 2 15 4
e 2 17 0
e 3 5 1
e 3 8 4
e 3 11 2
e 3 12 0
e 3 13 0
e 3 14 1
e 3 15 4
e 3 18 3
e 4 5 2
e 4 15 0
e 4 19 2
e 5 7 2
e 5 8 2
e 5 10 0
e 5 11 3
e 5 16 2
e 5 18 1
e 6 12 0
e 6 15 3
e 6 18 3
e 7 9 3
e 7 13 2
e 7 14 2
e 7 16 3
e 7 17 2
e 7 19 2
e 8 11 1
e 8 12 3
e 8 13 3
e 8 14 1
e 8 15 4
e 8 16 3
e 8 19 3
e 9 10 0
e 9 14 3
e 9 17 0
e 9 18 0
e 9 19 2
e 10 11 2
e 10 15 4
e 10 16 4
e 10 17 4
e 11 12 2
e 11 17 3
e 12 14 4
e 12 15 4
e 12 18 0
e 13 14 2
e 13 16 2
e 13 17 3
e 13 19 1
e 14 17 4
e 14 18 3
e 14 19 0
e 17 19 4
e 18 19 3
t # 44
v 0 4 
v 1 3 
v 2 4 
v 3 2 
v 4 1 
v 5 2 
v 6 1 
v 7 2 
v 8 4 
v 9 2 
v 10 0 
v 11 1 
v 12 2 
v 13 3 
v 14 4 
v 15 0 
v 16 3 
v 17 1 
v 18 1 
v 19 3 
e 0 5 4
e 0 10 2
e 0 12 1
e 0 16 2
e 1 2 1
e 1 3 1
e 1 13 0
e 1 14 0
e 2 4 2
e 2 8 3
e 2 13 0
e 3 7 3
e 3 10 2
e 3 11 0
e 3 15 2
e 3 19 0
e 4 7 1
e 4 10 3
e 4 11 4
e 4 12 0
e 4 14 0
e 5 7 4
e 5 9 2
e 5 10 3
e 5 11 4
e 5 14 1
e 5 17 1
e 6 7 1
e 6 8 3
e 6 10 2
e 6 12 2
e 6 15 4
e 6 16 2
e 7 8 0
e 7 9 1
e 7 11 0
e 7 14 3
e 7 18 1
e 8 10 0
e 8 16 0
e 8 18 3
e 8 19 1
e 9 13 3
e 10 12 0
e 10 13 1
e 10 19 3
e 11 13 0
e 11 14 1
e 11 15 2
e 11 19 1
e 12 15 4
e 12 18 3
e 13 14 2
e 13 15 3
e 13 18 2
e 14 15 3
e 14 17 3
e 14 18 0
e 15 17 2
e 16 17 0
e 17 18 4
e 17 19 2
t # 45
v 0 4 
v 1 1 
v 2 3 
v 3 4 
v 4 3 
v 5 1 
v 6 0 
v 7 0 
v 8 3 
v 9 3 
v 10 1 
v 11 3 
v 12 3 
v 13 3 
v 14 1 
v 15 2 
v 16 3 
v 17 1 
v 18 1 
v 19 3 
e 0 4 2
e 0 7 3
e 0 8 2
e 0 9 0
e 0 10 3
e 0 12 1
e 0 15 2
e 0 19 3
e 1 4 1
e 1 7 3
e 1 13 4
e 1 14 3
e 1 15 2
e 2 3 4
e 2 7 1
e 2 9 4
e 2 12 3
e 2 13 3
e 2 15 3
e 2 18 2
e 2 19 1
e 3 5 1
e 3 9 2
e 3 14 3
e 3 15 4
e 3 19 0
e 4 6 1
e 4 7 0
e 4 13 1
e 4 14 4
e 4 15 4
e 4 17 1
e 5 6 0
e 5 14 1
e 5 17 0
e 5 19 1
e 6 10 0
e 6 13 4
e 6 18 2
e 7 8 4
e 7 11 0
e 7 14 2
e 7 16 3
e 7 17 1
e 8 14 4
e 8 15 3
e 9 10 1
e 9 13 0
e 9 16 4
e 10 11 4
e 10 17 3
e 10 18 0
e 10 19 3
e 11 14 3
e 11 19 3
e 12 15 4
e 12 17 4
e 12 18 3
e 12 19 2
e 13 15 4
e 13 17 1
e 15 18 2
e 16 17 3
e 16 18 0
e 17 19 4
t # 46
v 0 2 
v 1 3 
v 2 2 
v 3 4 
v 4 4 
v 5 4 
v 6 0 
v 7 2 
v 8 3 
v 9 3 
v 10 0 
v 11 2 
v 12 4 
v 13 1 
v 14 4 
v 15 4 
v 16 4 
v 17 4 
v 18 3 
v 19 0 
e 0 19 4
e 1 7 2
e 2 8 2
e 2 11 2
e 2 17 3
e 3 7 4
e 3 19 0
e 5 6 1
e 5 14 2
e 6 8 4
e 7 10 1
e 7 18 4
e 9 11 2
e 11 13 4
e 14 19 3
e 16 19 3
t # 47
v 0 4 
v 1 1 
v 2 1 
v 3 1 
v 4 3 
v 5 0 
v 6 4 
v 7 3 
v 8 0 
v 9 2 
v 10 1 
v 11 2 
v 12 3 
v 13 2 
v 14 4 
v 15 4 
v 16 4 
v 17 3 
v 18 2 
v 19 0 
e 1 9 4
e 2 9 4
e 2 18 3
e 3 12 2
e 4 5 0
e 4 16 3
e 5 13 2
e 7 18 1
e 8 15 0
e 10 16 4
e 10 17 1
e 16 19 1
t # 48
v 0 1 
v 1 4 
v 2 3 
v 3 1 
v 4 3 
v 5 1 
v 6 0 
v 7 4 
v 8 3 
v 9 1 
v 10 2 
v 11 3 
v 12 3 
v 13 4 
v 14 2 
v 15 2 
v 16 2 
v 17 0 
v 18 4 
v 19 1 
e 0 2 3
e 3 13 3
e 4 19 3
e 5 13 1
e 6 11 1
e 9 18 2
e 11 17 2
e 13 14 3
t # 49
v 0 1 
v 1 3 
v 2 2 
v 3 0 
v 4 2 
v 5 3 
v 6 0 
v 7 3 
v 8 4 
v 9 4 
v 10 4 
v 11 2 
v 12 1 
v 13 4 
v 14 1 
v 15 1 
v 16 3 
v 17 0 
v 18 2 
v 19 2 
e 3 4 1
e 7 8 3
e 9 13 4
e 9 17 4
e 12 15 0
e 16 18 2
e 18 19 0
t # 50
v 0 4 
v 1 0 
v 2 4 
v 3 0 
v 4 3 
v 5 3 
v 6 2 
v 7 2 
v 8 3 
v 9 2 
v 10 0 
v 11 1 
v 12 4 
v 13 1 
v 14 1 
v 15 2 
v 16 2 
v 17 1 
v 18 0 
v 19 0 
e 0 16 1
e 0 18 4
e 1 6 3
e 1 19 0
e 2 5 3
e 2 6 2
e 4 7 1
e 4 15 4
e 6 10 4
e 7 9 2
e 7 10 4
e 7 17 2
e 9 12 4
e 9 19 2
e 10 13 1
e 12 13 0
e 15 16 3
e 15 19 4
e 17 19 2
t # 51
v 0 1 
v 1 3 
v 2 0 
v 3 3 
v 4 4 
v 5 0 
v 6 2 
v 7 0 
v 8 3 
v 9 1 
v 10 1 
v 11 1 
v 12 4 
v 13 3 
v 14 4 
v 15 3 
v 16 3 
v 17 2 
v 18 0 
v 19 2 
e 1 11 0
e 1 16 2
e 2 14 0
e 2 19 2
e 4 10 1
e 4 13 0
e 4 17 0
e 4 18 0
e 5 7 3
e 6 16 3
e 7 12 0
e 8 11 3
t # 52
v 0 4 
v 1 2 
v 2 4 
v 3 1 
v 4 3 
v 5 4 
v 6 4 
v 7 1 
v 8 3 
v 9 0 
v 10 3 
v 11 0 
v 12 0 
v 13 0 
v 14 0 
v 15 0 
v 16 2 
v 17 2 
v 18 1 
v 19 0 
e 0 3 2
e 0 19 1
e 1 2 3
e 1 8 1
e 1 10 0
e 1 15 3
e 2 3 3
e 2 6 4
e 2 10 0
e 2 11 0
e 2 14 0
e 3 9 1
e 3 11 0
e 3 13 3
e 3 19 0
e 4 5 3
e 4 6 4
e 4 7 3
e 4 8 4
e 5 13 4
e 5 16 4
e 5 18 1
e 6 8 2
e 6 18 0
e 7 17 0
e 7 18 1
e 8 10 3
e 8 11 3
e 8 17 4
e 9 10 3
e 9 11 4
e 9 14 4
e 9 15 2
e 10 12 1
e 10 15 4
e 10 19 4
e 11 14 1
e 12 18 0
e 13 15 3
e 13 18 2
e 14 15 0
e 14 17 1
e 14 18 4
e 15 19 2
e 18 19 4
t # 53
v 0 1 
v 1 3 
v 2 3 
v 3 4 
v 4 2 
v 5 2 
v 6 2 
v 7 3 
v 8 4 
v 9 4 
v 10 4 
v 11 0 
v 12 4 
v 13 4 
v 14 2 
v 15 4 
v 16 4 
v 17 1 
v 18 3 
v 19 4 
e 1 8 0
e 1 14 1
e 1 17 1
e 2 8 4
e 2 9 0
e 2 13 2
e 3 6 4
e 3 13 1
e 4 11 3
e 4 17 3
e 5 11 2
e 5 19 3
e 7 15 1
e 8 16 1
e 9 15 0
e 9 19 0
e 10 16 0
e 10 17 3
e 13 15 0
e 13 18 1
e 14 18 4
e 17 19 0
t # 54
v 0 0 
v 1 4 
v 2 1 
v 3 4 
v 4 3 
v 5 1 
v 6 0 
v 7 4 
v 8 0 
v 9 0 
v 10 4 
v 11 2 
v 12 0 
v 13 0 
v 14 0 
v 15 4 
v 16 1 
v 17 0 
v 18 4 
v 19 1 
e 0 7 3
e 0 11 1
e 0 17 4
e 1 9 3
e 1 11 4
e 1 13 1
e 1 15 3
e 1 16 4
e 1 17 0
e 1 18 0
e 2 3 1
e 2 4 1
e 2 7 4
e 2 9 0
e 2 13 3
e 3 7 1
e 4 11 4
e 4 14 0
e 4 15 0
e 5 8 3
e 5 9 0
e 5 14 2
e 5 18 1
e 6 12 0
e 6 14 0
e 6 18 2
e 7 10 2
e 7 12 0
e 8 13 2
e 8 19 0
e 9 10 3
e 9 14 2
e 9 17 2
e 10 11 2
e 10 12 2
e 10 14 4
e 10 19 1
e 11 16 1
e 13 15 3
e 14 19 4
e 15 16 2
e 15 19 4
e 16 17 4
t # 55
v 0 2 
v 1 2 
v 2 4 
v 3 1 
v 4 4 
v 5 2 
v 6 4 
v 7 1 
v 8 1 
v 9 2 
v 10 4 
v 11 1 
v 12 4 
v 13 2 
v 14 2 
v 15 0 
v 16 2 
v 17 4 
v 18 1 
v 19 3 
e 0 5 4
e 0 7 1
e 0 8 0
e 0 10 1
e 0 11 3
e 0 13 0
e 0 16 1
e 0 17 2
e 0 18 0
e 1 3 1
e 1 5 3
e 1 8 4
e 1 11 1
e 1 13 1
e 1 19 2
e 2 6 3
e 2 8 3
e 2 12 3
e 2 13 2
e 2 16 3
e 2 18 3
e 2 19 3
e 3 9 4
e 3 13 0
e 3 15 0
e 3 17 1
e 3 18 3
e 4 7 3
e 4 8 3
e 4 9 2
e 4 10 4
e 4 16 2
e 4 19 1
e 5 6 3
e 5 12 2
e 5 15 0
e 5 16 0
e 5 18 1
e 6 7 2
e 6 8 2
e 6 9 0
e 6 10 1
e 6 11 3
e 6 16 2
e 6 18 3
e 7 12 0
e 7 17 1
e 7 18 2
e 7 19 4
e 8 13 0
e 8 15 3
e 8 19 3
e 9 10 3
e 9 11 0
e 9 12 2
e 9 13 2
e 9 17 3
e 9 18 2
e 10 15 4
e 10 19 1
e 11 12 4
e 11 13 1
e 11 14 3
e 11 16 1
e 11 19 2
e 12 13 4
e 12 15 0
e 12 17 1
e 13 14 2
e 13 16 4
e 13 19 2
e 14 15 0
e 14 16 3
e 14 17 1
e 14 19 2
e 15 17 1
e 15 19 1
e 17 19 2
e 18 19 1
t # 56
v 0 4 
v 1 1 
v 2 3 
v 3 3 
v 4 4 
v 5 3 
v 6 1 
v 7 0 
v 8 4 
v 9 0 
v 10 4 
v 11 3 
v 12 2 
v 13 2 
v 14 3 
v 15 1 
v 16 3 
v 17 1 
v 18 4 
v 19 3 
e 0 5 1
e 0 6 1
e 0 17 1
e 0 19 1
e 1 4 2
e 1 9 0
e 1 17 4
e 1 18 2
e 2 3 1
e 2 5 1
e 2 17 2
e 3 10 4
e 3 11 4
e 3 16 4
e 3 19 0
e 4 6 0
e 4 10 2
e 4 12 3
e 5 7 3
e 5 8 2
e 5 9 4
e 5 10 2
e 5 16 1
e 5 18 4
e 6 7 2
e 6 10 0
e 6 12 3
e 6 15 0
e 7 8 3
e 8 10 2
e 8 14 3
e 8 18 0
e 9 12 1
e 9 14 0
e 9 15 2
e 9 16 3
e 9 17 1
e 9 18 2
e 10 14 1
e 11 17 4
e 12 16 4
e 13 15 0
e 13 17 2
e 14 19 2
e 15 17 3
t # 57
v 0 1 
v 1 0 
v 2 4 
v 3 2 
v 4 1 
v 5 2 
v 6 0 
v 7 1 
v 8 3 
v 9 0 
v 10 0 
v 11 0 
v 12 4 
v 13 0 
v 14 1 
v 15 0 
v 16 2 
v 17 0 
v 18 0 
v 19 1 
e 0 1 3
e 0 3 0
e 0 10 4
e 0 11 4
e 0 12 0
e 0 14 1
e 0 15 0
e 0 17 2
e 0 19 2
e 1 4 2
e 1 7 3
e 1 9 4
e 1 10 4
e 1 11 3
e 1 13 1
e 1 15 2
e 1 17 0
e 2 5 0
e 2 6 0
e 2 10 3
e 2 14 1
e 3 4 1
e 3 5 2
e 3 10 4
e 3 16 1
e 3 17 1
e 3 18 3
e 4 5 3
e 4 8 1
e 4 9 0
e 4 11 3
e 5 6 2
e 5 8 0
e 5 9 1
e 5 12 2
e 5 14 4
e 5 15 1
e 5 16 0
e 5 17 1
e 6 7 1
e 6 9 1
e 6 11 0
e 6 13 3
e 6 14 3
e 6 15 0
e 6 16 0
e 7 9 1
e 7 11 2
e 7 13 0
e 7 16 1
e 7 18 3
e 7 19 1
e 8 14 4
e 8 15 1
e 8 17 0
e 8 18 3
e 9 14 4
e 9 18 3
e 10 13 0
e 10 14 0
e 10 15 3
e 10 18 0
e 11 14 3
e 11 15 1
e 11 16 3
e 12 13 2
e 12 16 4
e 12 17 1
e 12 19 0
e 13 14 0
e 13 16 1
e 14 15 3
e 14 17 3
e 15 16 2
e 15 17 1
e 16 18 4
t # 58
v 0 1 
v 1 0 
v 2 4 
v 3 4 
v 4 4 
v 5 4 
v 6 2 
v 7 2 
v 8 1 
v 9 1 
v 10 2 
v 11 0 
v 12 2 
v 13 2 
v 14 4 
v 15 1 
v 16 1 
v 17 4 
v 18 2 
v 19 1 
e 6 10 1
e 8 11 1
e 10 16 1
e 15 19 3
e 17 19 4
t # 59
v 0 0 
v 1 4 
v 2 0 
v 3 2 
v 4 3 
v 5 4 
v 6 4 
v 7 4 
v 8 3 
v 9 2 
v 10 3 
v 11 1 
v 12 3 
v 13 4 
v 14 4 
v 15 4 
v 16 2 
v 17 4 
v 18 1 
v 19 4 
e 0 2 2
e 0 3 0
e 0 10 4
e 0 11 2
e 0 12 2
e 0 15 3
e 0 18 1
e 1 3 0
e 1 4 3
e 1 7 1
e 1 11 0
e 1 13 4
e 1 18 0
e 1 19 4
e 2 3 0
e 2 4 3
e 2 8 0
e 2 13 4
e 2 14 0
e 2 15 4
e 2 16 0
e 3 5 3
e 3 7 0
e 3 10 3
e 3 13 4
e 3 16 1
e 3 17 4
e 3 18 3
e 3 19 2
e 4 5 3
e 4 7 1
e 4 8 1
e 4 9 3
e 4 13 4
e 4 15 4
e 4 17 0
e 4 18 0
e 4 19 3
e 5 6 3
e 5 7 2
e 5 9 4
e 5 12 1
e 5 17 0
e 6 7 2
e 6 8 1
e 6 9 4
e 6 16 4
e 6 17 4
e 6 18 1
e 7 8 3
e 7 10 2
e 7 12 3
e 7 14 4
e 7 15 0
e 7 17 4
e 7 18 4
e 8 9 1
e 8 12 2
e 8 19 4
e 9 11 1
e 9 12 0
e 9 13 0
e 9 17 2
e 9 19 4
e 10 13 0
e 10 15 3
e 10 18 4
e 10 19 2
e 11 13 2
e 12 13 1
e 12 14 0
e 12 15 0
e 12 17 3
e 13 15 4
e 13 19 2
e 14 16 0
e 14 17 0
e 14 18 3
e 14 19 3
e 15 19 0
e 16 17 2
e 17 18 3
e 18 19 1
t # 60
v 0 2 
v 1 1 
v 2 2 
v 3 4 
v 4 4 
v 5 0 
v 6 4 
v 7 3 
v 8 1 
v 9 1 
v 10 3 
v 11 0 
v 12 3 
v 13 4 
v 14 3 
v 15 1 
v 16 2 
v 17 0 
v 18 3 
v 19 0 
e 0 5 1
e 0 11 0
e 0 16 3
e 1 9 0
e 1 16 0
e 2 8 2
e 2 16 2
e 3 7 0
e 3 8 0
e 3 10 1
e 3 11 1
e 4 10 3
e 4 19 2
e 5 6 3
e 5 15 2
e 6 10 2
e 6 17 3
e 8 13 3
e 8 17 2
e 9 14 1
e 9 19 4
e 15 17 2
e 15 18 0
t # 61
v 0 4 
v 1 0 
v 2 1 
v 3 2 
v 4 2 
v 5 3 
v 6 1 
v 7 3 
v 8 2 
v 9 2 
v 10 2 
v 11 4 
v 12 1 
v 13 1 
v 14 4 
v 15 4 
v 16 2 
v 17 3 
v 18 0 
v 19 1 
e 0 1 4
e 0 9 4
e 0 12 0
e 0 13 3
e 2 9 1
e 2 10 0
e 2 15 0
e 3 7 3
e 3 14 1
e 3 19 0
e 4 9 3
e 4 16 2
e 4 18 1
e 4 19 1
e 5 7 1
e 5 10 4
e 5 13 0
e 5 14 1
e 6 7 3
e 6 10 0
e 6 11 2
e 7 12 2
e 7 13 1
e 7 14 4
e 8 16 4
e 9 13 4
e 10 17 4
e 11 16 3
e 15 18 0
e 16 17 1
t # 62
v 0 4 
v 1 3 
v 2 4 
v 3 1 
v 4 4 
v 5 4 
v 6 1 
v 7 4 
v 8 1 
v 9 2 
v 10 0 
v 11 3 
v 12 4 
v 13 0 
v 14 1 
v 15 1 
v 16 1 
v 17 1 
v 18 2 
v 19 3 
e 5 16 1
e 6 13 4
e 8 17 2
e 16 17 0
t # 63
v 0 4 
v 1 2 
v 2 4 
v 3 4 
v 4 2 
v 5 1 
v 6 1 
v 7 0 
v 8 1 
v 9 1 
v 10 4 
v 11 0 
v 12 1 
v 13 2 
v 14 1 
v 15 4 
v 16 0 
v 17 4 
v 18 3 
v 19 4 
e 0 1 1
e 0 2 4
e 0 8 2
e 0 11 4
e 0 12 1
e 0 14 0
e 0 15 1
e 0 18 3
e 0 19 2
e 1 4 3
e 1 8 2
e 1 9 1
e 1 10 3
e 1 11 1
e 1 13 3
e 1 14 0
e 1 18 1
e 2 3 1
e 2 4 4
e 2 8 1
e 2 9 4
e 2 10 1
e 2 11 4
e 2 12 4
e 2 16 2
e 2 18 1
e 3 5 3
e 3 7 1
e 3 8 1
e 3 9 3
e 3 10 1
e 3 12 3
e 3 13 0
e 3 17 3
e 3 18 2
e 3 19 2
e 4 5 4
e 4 11 0
e 4 16 0
e 4 17 1
e 4 18 2
e 5 8 4
e 5 12 3
e 5 14 4
e 6 12 1
e 6 13 2
e 6 14 2
e 6 15 4
e 6 16 2
e 6 19 4
e 7 8 2
e 7 17 4
e 8 9 1
e 8 11 4
e 8 12 4
e 8 13 2
e 8 18 1
e 9 12 3
e 9 13 0
e 9 16 3
e 9 18 1
e 9 19 3
e 10 11 4
e 10 12 0
e 10 13 2
e 10 14 0
e 10 15 0
e 10 17 2
e 10 18 2
e 10 19 0
e 11 14 4
e 11 17 0
e 11 19 1
e 12 13 1
e 12 14 1
e 12 15 4
e 12 17 4
e 12 19 0
e 13 14 4
e 13 15 3
e 13 17 0
e 13 18 1
e 14 15 1
e 14 17 2
e 14 19 3
e 15 17 3
e 15 18 2
e 16 17 0
e 16 19 3
e 17 18 0
e 18 19 3
t # 64
v 0 0 
v 1 3 
v 2 2 
v 3 4 
v 4 2 
v 5 2 
v 6 1 
v 7 2 
v 8 4 
v 9 4 
v 10 0 
v 11 0 
v 12 4 
v 13 0 
v 14 2 
v 15 3 
v 16 0 
v 17 3 
v 18 4 
v 19 0 
e 0 4 0
e 0 5 4
e 0 9 2
e 0 12 2
e 0 13 0
e 0 14 4
e 0 15 3
e 0 16 4
e 0 18 2
e 0 19 2
e 1 2 3
e 1 3 0
e 1 5 2
e 1 9 4
e 1 10 0
e 1 11 1
e 1 13 1
e 1 15 1
e 1 18 4
e 1 19 1
e 2 4 3
e 2 8 3
e 2 16 4
e 2 17 2
e 2 19 4
e 3 5 2
e 3 6 4
e 3 7 4
e 3 14 3
e 3 15 2
e 3 19 3
e 4 7 2
e 4 8 4
e 4 10 2
e 4 12 1
e 4 13 0
e 4 14 3
e 4 15 0
e 5 8 4
e 5 9 1
e 5 11 0
e 5 12 3
e 5 13 2
e 5 16 1
e 5 19 0
e 6 7 3
e 6 9 2
e 6 13 3
e 6 14 2
e 6 15 2
e 6 16 0
e 6 18 0
e 6 19 3
e 7 8 2
e 7 13 0
e 7 14 2
e 7 17 0
e 7 19 3
e 8 9 3
e 8 11 4
e 8 17 1
e 9 10 3
e 9 17 3
e 9 18 0
e 9 19 0
e 10 11 0
e 10 12 1
e 10 14 0
e 10 15 4
e 10 18 0
e 11 12 2
e 11 13 0
e 11 14 0
e 11 15 3
e 11 16 4
e 11 17 4
e 11 18 1
e 12 14 4
e 12 16 3
e 12 17 0
e 12 18 3
e 13 16 4
e 13 17 0
e 14 19 4
e 15 19 1
e 16 17 2
e 16 19 2
e 17 19 4
t # 65
v 0 1 
v 1 3 
v 2 1 
v 3 4 
v 4 2 
v 5 0 
v 6 0 
v 7 2 
v 8 2 
v 9 4 
v 10 0 
v 11 0 
v 12 1 
v 13 0 
v 14 0 
v 15 4 
v 16 2 
v 17 1 
v 18 3 
v 19 4 
e 1 10 3
e 2 9 4
e 5 10 1
e 6 15 4
e 7 15 0
e 8 14 0
e 9 13 4
e 13 18 4
e 14 17 2
e 15 18 1
t # 66
v 0 0 
v 1 4 
v 2 3 
v 3 3 
v 4 3 
v 5 0 
v 6 1 
v 7 1 
v 8 2 
v 9 3 
v 10 2 
v 11 4 
v 12 1 
v 13 1 
v 14 2 
v 15 4 
v 16 3 
v 17 4 
v 18 2 
v 19 0 
e 0 3 2
e 0 4 4
e 0 5 4
e 0 6 4
e 0 13 3
e 0 17 2
e 0 18 1
e 0 19 0
e 1 4 2
e 1 5 4
e 1 6 2
e 1 7 2
e 1 8 1
e 2 3 2
e 2 6 1
e 2 9 1
e 2 13 0
e 2 14 3
e 2 17 2
e 2 18 1
e 3 5 2
e 3 7 3
e 3 8 2
e 3 10 1
e 3 11 0
e 3 12 1
e 3 17 1
e 3 18 1
e 3 19 4
e 4 5 0
e 4 7 3
e 4 8 2
e 4 11 2
e 4 13 0
e 4 14 0
e 4 15 2
e 4 16 0
e 4 17 3
e 4 19 2
e 5 6 3
e 5 17 1
e 6 12 3
e 6 17 2
e 6 19 3
e 7 9 3
e 7 10 4
e 7 12 2
e 7 14 0
e 7 16 0
e 7 17 3
e 7 18 3
e 7 19 0
e 8 10 4
e 8 11 4
e 8 12 3
e 8 16 3
e 8 17 3
e 9 12 4
e 9 17 1
e 9 18 4
e 9 19 1
e 10 11 4
e 10 12 2
e 10 13 2
e 10 15 3
e 10 18 1
e 10 19 2
e 11 13 3
e 11 15 3
e 11 18 2
e 11 19 3
e 12 13 1
e 12 14 0
e 12 19 3
e 13 14 3
e 14 17 2
e 14 19 1
e 15 18 0
e 17 18 2
e 17 19 3
t # 67
v 0 0 
v 1 2 
v 2 2 
v 3 2 
v 4 1 
v 5 4 
v 6 4 
v 7 3 
v 8 1 
v 9 2 
v 10 1 
v 11 1 
v 12 4 
v 13 4 
v 14 2 
v 15 1 
v 16 4 
v 17 3 
v 18 2 
v 19 4 
e 0 8 2
e 0 16 2
e 0 17 4
e 1 4 4
e 1 5 3
e 1 6 1
e 1 9 0
e 1 14 2
e 2 5 2
e 2 8 2
e 2 16 3
e 3 7 4
e 3 9 1
e 3 12 0
e 3 14 1
e 3 17 1
e 4 6 2
e 4 8 1
e 4 10 3
e 4 11 0
e 4 12 3
e 4 16 1
e 5 10 4
e 5 11 1
e 5 19 4
e 6 9 0
e 6 16 4
e 6 17 3
e 7 14 4
e 7 15 0
e 7 16 1
e 7 18 4
e 9 13 4
e 10 11 4
e 10 14 1
e 10 16 3
e 11 15 4
e 11 17 3
e 12 14 1
e 13 16 2
e 14 17 1
e 16 17 3
e 16 19 0
t # 68
v 0 1 
v 1 2 
v 2 3 
v 3 4 
v 4 4 
v 5 3 
v 6 2 
v 7 1 
v 8 1 
v 9 1 
v 10 0 
v 11 0 
v 12 2 
v 13 1 
v 14 2 
v 15 3 
v 16 1 
v 17 1 
v 18 4 
v 19 1 
e 0 3 0
e 0 4 4
e 0 15 2
e 0 16 4
e 0 17 0
e 1 6 4
e 1 17 1
e 1 18 0
e 2 4 0
e 2 6 2
e 2 12 2
e 2 13 1
e 2 14 4
e 2 15 2
e 3 10 1
e 3 11 3
e 3 18 2
e 4 5 3
e 4 10 1
e 4 13 4
e 4 14 4
e 4 17 2
e 4 19 4
e 5 13 4
e 5 17 2
e 6 7 3
e 6 9 0
e 6 12 3
e 6 13 4
e 6 14 2
e 6 15 0
e 6 16 3
e 7 13 1
e 7 15 0
e 7 16 0
e 7 17 4
e 8 9 1
e 8 14 1
e 9 12 2
e 9 13 1
e 9 15 4
e 9 17 2
e 9 18 2
e 10 12 4
e 11 13 3
e 11 15 4
e 11 18 2
e 12 15 4
e 13 14 1
e 13 18 3
e 13 19 4
e 15 17 0
e 15 18 1
e 16 17 4
e 16 19 3
t # 69
v 0 4 
v 1 2 
v 2 2 
v 3 3 
v 4 3 
v 5 0 
v 6 2 
v 7 0 
v 8 2 
v 9 1 
v 10 2 
v 11 0 
v 12 4 
v 13 4 
v 14 2 
v 15 1 
v 16 0 
v 17 0 
v 18 4 
v 19 3 
e 0 2 3
e 0 4 3
e 0 5 3
e 0 14 3
e 0 15 3
e 0 16 3
e 0 17 2
e 1 4 4
e 1 7 0
e 1 8 2
e 1 12 3
e 1 14 3
e 2 4 3
e 2 12 3
e 2 13 1
e 2 14 3
e 2 17 0
e 2 19 2
e 3 7 3
e 3 14 4
e 3 15 3
e 3 16 4
e 3 17 3
e 4 8 0
e 4 10 1
e 4 13 2
e 4 14 0
e 4 15 1
e 4 16 4
e 4 18 4
e 5 9 1
e 5 14 4
e 5 15 3
e 5 16 3
e 6 7 4
e 6 9 0
e 6 10 1
e 6 14 2
e 6 15 2
e 6 16 4
e 6 17 2
e 7 8 4
e 7 11 0
e 7 12 1
e 7 13 0
e 7 17 0
e 7 19 1
e 8 11 0
e 8 12 4
e 8 15 2
e 8 16 3
e 9 11 0
e 9 13 2
e 9 16 0
e 9 19 2
e 10 13 0
e 10 15 4
e 10 17 1
e 11 12 4
e 11 16 1
e 12 13 0
e 13 16 1
e 13 18 3
e 13 19 3
e 14 19 2
e 15 16 3
e 15 17 0
e 17 18 3
t # 70
v 0 0 
v 1 3 
v 2 1 
v 3 2 
v 4 3 
v 5 3 
v 6 2 
v 7 0 
v 8 0 
v 9 4 
v 10 2 
v 11 4 
v 12 4 
v 13 3 
v 14 1 
v 15 0 
v 16 2 
v 17 3 
v 18 0 
v 19 0 
e 0 4 0
e 0 6 3
e 0 8 0
e 0 11 3
e 0 12 0
e 0 14 0
e 0 15 0
e 0 18 2
e 1 2 2
e 1 4 0
e 1 5 0
e 1 6 3
e 1 7 2
e 1 11 1
e 1 12 4
e 1 14 4
e 1 15 0
e 1 16 4
e 1 17 2
e 1 18 1
e 2 3 1
e 2 6 2
e 2 12 3
e 2 15 0
e 2 17 2
e 2 18 0
e 3 6 2
e 3 8 0
e 3 9 2
e 3 10 3
e 3 13 0
e 3 16 3
e 3 17 2
e 4 6 3
e 4 7 0
e 4 11 2
e 4 12 4
e 4 15 0
e 4 18 4
e 5 7 1
e 5 8 1
e 5 9 3
e 5 11 4
e 5 13 1
e 5 14 1
e 5 15 0
e 5 16 2
e 5 17 3
e 5 18 4
e 5 19 4
e 6 8 0
e 6 9 4
e 6 14 1
e 6 15 3
e 6 16 4
e 6 17 4
e 6 18 0
e 6 19 2
e 7 8 1
e 7 9 1
e 7 11 3
e 7 13 4
e 7 14 0
e 7 15 1
e 7 18 3
e 8 10 0
e 8 11 0
e 8 16 2
e 8 17 2
e 8 18 3
e 9 10 0
e 9 13 3
e 9 15 0
e 9 16 3
e 9 18 3
e 9 19 0
e 10 11 4
e 10 14 3
e 10 15 2
e 10 17 1
e 10 18 2
e 10 19 1
e 11 12 1
e 11 13 4
e 12 16 1
e 12 19 0
e 13 15 4
e 13 17 4
e 13 18 4
e 14 16 4
e 14 18 3
e 15 18 1
e 15 19 0
e 16 17 4
e 16 18 2
e 16 19 1
e 17 18 0
e 17 19 1
t # 71
v 0 1 
v 1 4 
v 2 0 
v 3 0 
v 4 2 
v 5 4 
v 6 4 
v 7 3 
v 8 2 
v 9 3 
v 10 1 
v 11 3 
v 12 0 
v 13 0 
v 14 1 
v 15 1 
v 16 3 
v 17 2 
v 18 3 
v 19 3 
e 0 6 1
e 0 11 1
e 1 6 0
e 1 7 1
e 1 9 1
e 3 4 3
e 3 17 3
e 3 19 3
e 4 5 0
e 4 6 1
e 4 8 0
e 4 17 4
e 5 15 2
e 7 10 4
e 7 13 1
e 8 11 3
e 8 13 0
e 9 18 2
e 10 11 4
e 12 19 4
e 14 19 3
e 15 17 2
e 16 17 4
t # 72
v 0 2 
v 1 1 
v 2 4 
v 3 1 
v 4 3 
v 5 1 
v 6 0 
v 7 2 
v 8 3 
v 9 0 
v 10 3 
v 11 2 
v 12 4 
v 13 0 
v 14 2 
v 15 1 
v 16 1 
v 17 4 
v 18 0 
v 19 4 
e 0 2 2
e 0 3 2
e 0 9 3
e 0 18 3
e 1 2 0
e 1 6 4
e 1 7 4
e 1 16 0
e 2 3 4
e 2 5 1
e 2 14 3
e 2 16 0
e 2 17 2
e 3 4 3
e 3 5 0
e 3 11 4
e 3 14 2
e 3 16 2
e 3 17 4
e 4 6 4
e 4 11 3
e 4 17 1
e 5 6 3
e 5 9 1
e 5 10 0
e 5 11 4
e 5 18 1
e 6 7 0
e 6 11 2
e 6 14 3
e 6 17 4
e 6 18 4
e 7 10 3
e 7 11 1
e 7 13 2
e 7 14 4
e 7 16 1
e 7 17 4
e 7 18 4
e 8 13 4
e 8 18 1
e 8 19 1
e 9 10 0
e 9 13 2
e 9 14 2
e 10 11 1
e 10 12 2
e 10 14 0
e 10 15 1
e 10 18 4
e 11 12 2
e 11 16 3
e 11 19 2
e 12 14 0
e 12 15 1
e 13 14 2
e 13 17 1
e 14 18 3
e 15 19 1
e 16 17 2
t # 73
v 0 3 
v 1 1 
v 2 2 
v 3 4 
v 4 1 
v 5 2 
v 6 4 
v 7 0 
v 8 1 
v 9 2 
v 10 2 
v 11 1 
v 12 3 
v 13 2 
v 14 3 
v 15 1 
v 16 1 
v 17 1 
v 18 1 
v 19 1 
e 0 1 4
e 0 2 1
e 0 3 1
e 0 7 0
e 0 10 2
e 0 14 2
e 0 16 0
e 0 17 4
e 0 18 3
e 1 5 2
e 1 6 0
e 1 8 1
e 1 9 1
e 1 10 2
e 1 17 0
e 2 3 1
e 2 11 1
e 2 12 0
e 2 14 3
e 2 18 0
e 2 19 3
e 3 4 3
e 3 5 4
e 3 7 2
e 3 13 0
e 3 16 4
e 4 5 2
e 4 8 3
e 4 9 0
e 4 10 1
e 4 11 1
e 4 13 2
e 5 6 4
e 5 8 4
e 5 10 2
e 5 11 2
e 5 14 3
e 6 8 3
e 6 16 0
e 6 17 4
e 6 19 0
e 7 15 0
e 7 16 0
e 7 19 3
e 8 9 2
e 8 11 3
e 8 17 4
e 8 18 2
e 9 18 1
e 9 19 0
e 10 13 1
e 10 15 4
e 10 18 0
e 10 19 1
e 11 17 1
e 11 19 3
e 12 13 2
e 12 16 0
e 12 17 4
e 12 18 4
e 13 14 1
e 13 15 0
e 13 19 4
e 14 16 0
e 15 16 4
e 15 17 0
e 15 18 2
e 15 19 0
e 16 19 4
e 17 19 1
t # 74
v 0 1 
v 1 4 
v 2 4 
v 3 4 
v 4 0 
v 5 1 
v 6 4 
v 7 0 
v 8 4 
v 9 1 
v 10 1 
v 11 4 
v 12 1 
v 13 0 
v 14 2 
v 15 3 
v 16 1 
v 17 0 
v 18 1 
v 19 4 
e 0 6 1
e 0 7 3
e 0 9 0
e 0 15 4
e 0 16 4
e 0 18 0
e 0 19 2
e 1 2 0
e 1 5 4
e 1 7 3
e 1 8 1
e 1 9 2
e 1 10 1
e 1 12 0
e 1 13 4
e 2 3 1
e 2 8 1
e 2 13 2
e 2 18 0
e 2 19 4
e 3 4 2
e 3 5 2
e 3 11 4
e 3 12 0
e 3 14 4
e 3 18 2
e 4 6 3
e 4 7 1
e 4 8 2
e 4 10 2
e 4 11 0
e 4 12 3
e 4 18 1
e 5 6 2
e 5 7 4
e 5 8 0
e 5 11 2
e 5 12 0
e 5 15 1
e 5 16 3
e 6 8 0
e 6 9 3
e 6 15 3
e 6 17 4
e 6 18 3
e 6 19 2
e 7 8 1
e 7 9 1
e 7 14 2
e 7 15 4
e 7 16 3
e 7 18 1
e 8 9 0
e 8 15 2
e 8 16 4
e 9 12 0
e 9 14 3
e 9 15 1
e 9 16 2
e 9 17 3
e 9 18 3
e 9 19 4
e 10 13 2
e 10 16 0
e 10 18 1
e 10 19 2
e 11 12 2
e 11 13 0
e 11 15 2
e 11 18 3
e 12 13 1
e 12 14 2
e 12 18 0
e 12 19 0
e 13 14 4
e 13 18 0
e 13 19 3
e 14 15 4
e 14 18 3
e 14 19 3
e 15 16 3
e 15 17 1
e 15 19 2
e 17 18 4
t # 75
v 0 1 
v 1 2 
v 2 2 
v 3 0 
v 4 3 
v 5 3 
v 6 0 
v 7 2 
v 8 3 
v 9 1 
v 10 1 
v 11 0 
v 12 2 
v 13 1 
v 14 0 
v 15 4 
v 16 1 
v 17 3 
v 18 3 
v 19 2 
e 0 1 4
e 0 2 3
e 0 3 4
e 0 5 0
e 0 8 3
e 0 9 0
e 0 10 3
e 0 11 3
e 0 12 4
e 0 13 1
e 0 14 1
e 1 6 1
e 1 9 4
e 1 11 1
e 1 12 2
e 1 13 0
e 1 14 3
e 1 16 4
e 2 5 4
e 2 6 2
e 2 7 2
e 2 9 1
e 2 15 1
e 2 16 0
e 3 4 1
e 3 7 4
e 3 15 4
e 3 18 4
e 4 6 3
e 4 7 0
e 4 10 1
e 4 12 4
e 4 15 2
e 4 19 2
e 5 7 1
e 5 10 4
e 5 12 3
e 5 13 1
e 5 16 1
e 5 17 4
e 5 19 3
e 6 7 4
e 6 8 0
e 6 9 0
e 6 11 2
e 6 14 0
e 6 15 2
e 6 19 3
e 7 13 4
e 7 14 4
e 7 15 0
e 8 10 2
e 8 14 1
e 8 17 2
e 8 19 1
e 9 11 1
e 9 13 0
e 9 16 2
e 9 19 4
e 10 11 2
e 10 14 1
e 10 15 4
e 10 17 1
e 10 18 3
e 11 13 4
e 11 14 4
e 11 15 3
e 11 19 1
e 12 13 4
e 12 15 0
e 12 18 3
e 13 18 3
e 14 16 2
e 15 16 1
t # 76
v 0 3 
v 1 2 
v 2 3 
v 3 3 
v 4 0 
v 5 0 
v 6 1 
v 7 3 
v 8 0 
v 9 1 
v 10 2 
v 11 1 
v 12 2 
v 13 0 
v 14 0 
v 15 3 
v 16 0 
v 17 3 
v 18 2 
v 19 4 
e 0 1 4
e 0 3 3
e 0 6 4
e 0 7 4
e 0 10 2
e 0 12 3
e 0 13 2
e 0 16 4
e 0 17 2
e 1 2 0
e 1 4 1
e 1 6 1
e 1 7 2
e 1 8 4
e 1 9 4
e 1 10 2
e 1 16 2
e 1 17 4
e 2 4 3
e 2 5 2
e 2 6 4
e 2 7 0
e 2 9 2
e 2 12 4
e 2 13 0
e 2 18 4
e 2 19 4
e 3 5 3
e 3 6 3
e 3 10 2
e 3 13 2
e 3 17 0
e 4 5 3
e 4 6 1
e 4 7 3
e 4 9 0
e 4 11 0
e 4 13 4
e 4 15 4
e 4 17 0
e 5 10 0
e 5 13 3
e 5 15 3
e 5 17 0
e 5 18 3
e 6 12 2
e 6 15 3
e 7 11 3
e 7 12 3
e 7 13 4
e 7 16 3
e 7 19 2
e 8 9 1
e 8 14 3
e 8 15 2
e 8 16 0
e 8 18 3
e 9 11 0
e 9 13 0
e 9 17 0
e 9 18 1
e 9 19 3
e 10 11 1
e 10 12 3
e 10 14 3
e 10 15 4
e 10 18 0
e 11 12 0
e 11 13 4
e 11 16 1
e 11 18 3
e 11 19 2
e 12 14 2
e 12 16 2
e 12 18 3
e 12 19 0
e 13 16 2
e 13 17 4
e 13 18 0
e 13 19 1
e 14 17 0
e 14 19 4
e 15 19 2
e 16 17 4
e 16 18 1
e 16 19 4
e 17 18 2
e 18 19 2
t # 77
v 0 4 
v 1 2 
v 2 1 
v 3 0 
v 4 2 
v 5 4 
v 6 2 
v 7 3 
v 8 0 
v 9 0 
v 10 0 
v 11 4 
v 12 0 
v 13 4 
v 14 4 
v 15 3 
v 16 1 
v 17 2 
v 18 0 
v 19 2 
e 0 3 2
e 0 4 1
e 0 7 4
e 0 13 2
e 1 15 4
e 2 6 0
e 2 16 1
e 2 18 3
e 3 6 4
e 3 8 0
e 3 14 4
e 3 19 3
e 4 16 3
e 4 17 4
e 5 12 4
e 6 9 2
e 6 11 4
e 6 15 2
e 6 16 1
e 6 18 2
e 7 9 0
e 7 10 3
e 7 13 0
e 7 14 3
e 8 10 0
e 8 11 4
e 8 19 1
e 9 10 1
e 9 11 1
e 9 17 3
e 11 12 3
e 11 19 3
e 12 19 4
e 13 18 3
e 14 15 1
e 14 17 0
e 16 19 2
t # 78
v 0 2 
v 1 3 
v 2 2 
v 3 4 
v 4 1 
v 5 0 
v 6 4 
v 7 0 
v 8 3 
v 9 3 
v 10 0 
v 11 0 
v 12 0 
v 13 1 
v 14 1 
v 15 3 
v 16 3 
v 17 4 
v 18 4 
v 19 3 
e 0 1 3
e 0 2 0
e 0 3 4
e 0 5 0
e 0 14 1
e 0 17 2
e 0 18 4
e 1 5 4
e 1 10 2
e 1 13 0
e 1 14 2
e 1 17 2
e 2 5 3
e 2 6 3
e 2 9 1
e 2 15 2
e 2 17 1
e 2 19 0
e 3 16 1
e 4 11 3
e 4 15 1
e 4 16 0
e 4 18 1
e 4 19 1
e 5 7 2
e 5 8 3
e 5 10 1
e 5 11 4
e 5 15 2
e 5 16 1
e 5 17 3
e 6 9 3
e 6 11 3
e 6 14 2
e 6 16 1
e 6 18 0
e 7 9 2
e 7 13 3
e 7 15 0
e 7 18 3
e 8 11 2
e 8 15 4
e 8 18 3
e 8 19 2
e 9 12 4
e 9 13 1
e 9 16 4
e 10 11 1
e 10 15 2
e 10 19 2
e 11 14 1
e 11 17 4
e 11 18 3
e 11 19 4
e 12 13 4
e 12 15 4
e 12 18 3
e 12 19 2
e 13 19 0
e 14 15 0
e 14 16 0
e 14 17 4
e 16 18 1
e 17 18 4
t # 79
v 0 1 
v 1 2 
v 2 3 
v 3 0 
v 4 4 
v 5 4 
v 6 1 
v 7 2 
v 8 2 
v 9 2 
v 10 2 
v 11 1 
v 12 2 
v 13 2 
v 14 0 
v 15 4 
v 16 1 
v 17 0 
v 18 3 
v 19 3 
e 0 2 0
e 0 4 1
e 0 9 2
e 0 11 2
e 1 4 3
e 1 5 1
e 1 6 0
e 1 9 4
e 1 12 1
e 1 14 3
e 2 3 0
e 2 9 4
e 2 10 4
e 2 12 4
e 2 13 1
e 2 14 2
e 2 17 4
e 2 18 1
e 2 19 3
e 3 11 2
e 3 12 4
e 3 14 0
e 4 7 0
e 4 9 2
e 4 11 3
e 4 14 3
e 4 15 2
e 5 10 4
e 5 13 1
e 5 15 2
e 5 18 4
e 6 9 3
e 6 12 3
e 6 14 1
e 7 8 1
e 8 12 2
e 8 18 4
e 9 11 1
e 9 14 2
e 9 15 4
e 9 17 4
e 9 19 4
e 10 13 0
e 10 18 0
e 11 13 2
e 11 18 1
e 11 19 2
e 12 14 3
e 12 19 0
e 13 17 0
e 13 18 1
e 14 15 1
e 14 19 1
e 16 19 2
e 17 18 2
e 18 19 4
t # 80
v 0 3 
v 1 3 
v 2 3 
v 3 2 
v 4 0 
v 5 4 
v 6 2 
v 7 4 
v 8 2 
v 9 3 
v 10 0 
v 11 2 
v 12 1 
v 13 0 
v 14 1 
v 15 3 
v 16 4 
v 17 4 
v 18 2 
v 19 2 
e 0 1 2
e 0 2 3
e 0 4 0
e 0 5 4
e 0 10 4
e 0 12 0
e 0 13 3
e 0 14 3
e 0 18 2
e 0 19 2
e 1 2 1
e 1 5 4
e 1 6 4
e 1 8 1
e 1 10 0
e 1 18 4
e 2 3 0
e 2 8 4
e 2 11 2
e 2 12 4
e 2 13 2
e 2 14 4
e 2 15 3
e 2 17 4
e 2 18 2
e 2 19 0
e 3 4 4
e 3 5 4
e 3 7 3
e 3 10 0
e 3 11 0
e 3 13 1
e 3 15 4
e 3 17 4
e 3 18 3
e 3 19 1
e 4 6 3
e 4 7 4
e 4 10 1
e 4 11 2
e 4 13 4
e 4 14 0
e 4 15 1
e 4 19 4
e 5 7 2
e 5 8 3
e 5 12 1
e 5 14 2
e 5 18 3
e 5 19 1
e 6 9 0
e 6 11 4
e 6 13 4
e 6 15 3
e 6 18 1
e 6 19 1
e 7 13 4
e 7 14 2
e 7 15 4
e 8 10 3
e 8 14 0
e 8 15 1
e 8 16 2
e 8 17 0
e 8 18 0
e 9 10 4
e 9 11 3
e 9 12 0
e 9 13 3
e 9 15 4
e 9 16 2
e 9 18 0
e 9 19 1
e 10 11 2
e 10 13 1
e 10 14 3
e 10 16 2
e 10 19 3
e 11 12 1
e 11 17 0
e 12 14 4
e 12 18 2
e 12 19 3
e 13 14 2
e 13 15 4
e 13 18 1
e 14 18 2
e 15 16 0
e 15 17 2
e 16 17 2
e 16 19 2
e 17 19 0
t # 81
v 0 0 
v 1 3 
v 2 4 
v 3 2 
v 4 2 
v 5 0 
v 6 3 
v 7 1 
v 8 2 
v 9 0 
v 10 1 
v 11 2 
v 12 3 
v 13 3 
v 14 0 
v 15 2 
v 16 3 
v 17 3 
v 18 3 
v 19 4 
e 2 6 0
e 4 15 3
e 5 9 1
e 5 16 3
e 7 8 1
e 7 10 3
e 7 14 0
e 14 19 4
e 16 19 1
t # 82
v 0 3 
v 1 4 
v 2 4 
v 3 1 
v 4 4 
v 5 1 
v 6 1 
v 7 4 
v 8 3 
v 9 1 
v 10 2 
v 11 3 
v 12 0 
v 13 1 
v 14 1 
v 15 0 
v 16 2 
v 17 2 
v 18 0 
v 19 2 
e 0 2 3
e 0 7 0
e 0 18 3
e 1 2 0
e 1 6 2
e 1 17 4
e 2 8 2
e 2 17 0
e 3 4 3
e 3 6 1
e 3 10 4
e 3 12 2
e 5 6 2
e 5 10 3
e 5 16 2
e 5 17 1
e 6 14 0
e 6 17 2
e 8 15 3
e 8 17 3
e 9 11 0
e 11 17 3
e 11 18 2
e 12 19 3
e 13 17 3
e 13 19 2
e 14 17 1
e 16 17 2
t # 83
v 0 0 
v 1 4 
v 2 0 
v 3 1 
v 4 4 
v 5 3 
v 6 2 
v 7 1 
v 8 3 
v 9 4 
v 10 4 
v 11 2 
v 12 4 
v 13 4 
v 14 4 
v 15 3 
v 16 4 
v 17 1 
v 18 3 
v 19 2 
e 0 7 2
e 0 9 0
e 0 14 1
e 0 18 3
e 0 19 1
e 1 2 0
e 1 5 3
e 1 6 1
e 1 8 1
e 1 9 2
e 1 19 1
e 2 12 1
e 3 6 2
e 3 12 3
e 3 18 4
e 4 6 1
e 4 11 3
e 4 12 3
e 4 17 4
e 5 9 4
e 5 11 3
e 5 13 4
e 6 18 3
e 7 8 2
e 7 11 0
e 7 17 3
e 7 19 2
e 8 11 3
e 8 12 0
e 9 17 2
e 9 19 0
e 10 13 1
e 10 15 3
e 10 16 2
e 10 17 3
e 10 18 4
e 11 13 0
e 11 15 3
e 12 13 2
e 12 15 2
e 12 18 4
e 13 16 2
e 13 17 2
e 13 18 0
e 14 17 2
e 14 18 0
e 15 16 0
e 15 17 1
e 15 18 3
e 16 18 4
e 17 18 0
e 18 19 4
t # 84
v 0 2 
v 1 4 
v 2 3 
v 3 3 
v 4 0 
v 5 0 
v 6 1 
v 7 0 
v 8 4 
v 9 2 
v 10 3 
v 11 2 
v 12 1 
v 13 4 
v 14 0 
v 15 3 
v 16 0 
v 17 1 
v 18 0 
v 19 2 
e 0 16 1
e 1 13 2
e 1 15 2
e 2 7 2
e 2 12 4
e 2 13 0
e 2 17 3
e 3 12 2
e 4 7 2
e 4 13 4
e 5 9 2
e 6 19 0
e 7 12 3
e 7 17 3
e 7 18 0
e 8 15 4
e 11 12 2
e 12 18 3
e 14 15 1
e 15 17 0
e 15 18 1
t # 85
v 0 4 
v 1 3 
v 2 2 
v 3 3 
v 4 1 
v 5 3 
v 6 0 
v 7 1 
v 8 1 
v 9 0 
v 10 1 
v 11 4 
v 12 2 
v 13 1 
v 14 2 
v 15 4 
v 16 0 
v 17 4 
v 18 4 
v 19 0 
e 0 4 1
e 2 16 3
e 4 8 4
e 7 14 3
e 9 11 4
t # 86
v 0 2 
v 1 4 
v 2 3 
v 3 1 
v 4 2 
v 5 1 
v 6 1 
v 7 4 
v 8 4 
v 9 1 
v 10 3 
v 11 3 
v 12 3 
v 13 2 
v 14 2 
v 15 3 
v 16 2 
v 17 1 
v 18 0 
v 19 0 
e 13 16 3
t # 87
v 0 0 
v 1 4 
v 2 2 
v 3 4 
v 4 4 
v 5 3 
v 6 2 
v 7 2 
v 8 1 
v 9 0 
v 10 1 
v 11 4 
v 12 2 
v 13 4 
v 14 0 
v 15 1 
v 16 4 
v 17 1 
v 18 3 
v 19 0 
e 0 1 3
e 0 3 3
e 0 4 4
e 0 5 4
e 0 12 4
e 0 14 0
e 0 15 1
e 0 19 0
e 1 6 0
e 1 8 1
e 1 9 4
e 1 10 3
e 1 13 2
e 1 18 2
e 1 19 2
e 2 6 3
e 2 10 4
e 2 11 4
e 2 14 2
e 2 15 1
e 2 16 0
e 2 18 1
e 3 5 2
e 3 6 2
e 3 7 4
e 3 8 3
e 3 12 2
e 3 13 4
e 3 14 0
e 3 15 1
e 3 17 4
e 4 5 3
e 4 7 0
e 4 10 0
e 4 11 2
e 4 14 0
e 4 15 3
e 4 16 1
e 5 6 4
e 5 8 0
e 5 9 0
e 5 12 4
e 5 15 0
e 5 16 3
e 5 17 2
e 6 7 4
e 6 9 4
e 6 14 3
e 6 15 4
e 6 17 1
e 6 18 0
e 7 9 2
e 7 14 4
e 7 15 4
e 7 16 4
e 7 17 2
e 7 18 2
e 7 19 0
e 8 9 0
e 8 12 1
e 8 14 3
e 8 18 4
e 9 12 2
e 9 15 2
e 9 16 0
e 9 17 2
e 10 11 1
e 10 12 4
e 10 16 2
e 10 17 0
e 10 19 2
e 11 12 1
e 11 16 1
e 11 18 1
e 12 13 4
e 12 14 4
e 12 16 3
e 12 18 3
e 13 14 0
e 13 16 4
e 13 17 1
e 14 16 1
e 15 17 3
e 15 18 4
e 16 18 3
e 16 19 1
e 17 18 0
t # 88
v 0 1 
v 1 2 
v 2 0 
v 3 1 
v 4 0 
v 5 2 
v 6 4 
v 7 0 
v 8 2 
v 9 4 
v 10 0 
v 11 4 
v 12 3 
v 13 4 
v 14 1 
v 15 0 
v 16 4 
v 17 2 
v 18 3 
v 19 4 
e 0 3 1
e 0 5 1
e 0 6 0
e 0 8 4
e 0 12 3
e 0 13 2
e 0 17 1
e 0 18 2
e 0 19 3
e 1 2 4
e 1 3 4
e 1 4 0
e 1 7 1
e 1 12 4
e 1 13 1
e 1 16 3
e 2 6 3
e 2 8 4
e 2 10 0
e 2 12 3
e 2 14 1
e 2 15 0
e 2 17 2
e 2 18 4
e 3 4 3
e 3 6 4
e 3 7 0
e 3 10 3
e 3 13 2
e 3 15 1
e 3 16 4
e 3 17 1
e 4 5 3
e 4 9 3
e 4 10 2
e 4 11 1
e 4 16 3
e 4 17 1
e 4 18 1
e 5 6 3
e 5 8 0
e 5 10 3
e 5 13 0
e 5 14 1
e 6 9 3
e 6 13 4
e 6 18 1
e 7 8 1
e 7 10 2
e 7 13 2
e 7 15 0
e 7 17 2
e 8 9 1
e 8 11 0
e 8 17 1
e 9 10 0
e 9 11 3
e 9 17 1
e 9 18 3
e 10 12 2
e 10 13 0
e 10 15 3
e 10 16 3
e 11 15 3
e 11 16 0
e 11 18 1
e 12 14 3
e 12 16 2
e 12 19 1
e 13 14 0
e 13 16 4
e 13 18 4
e 13 19 1
e 14 17 0
e 14 18 4
e 15 16 4
e 15 18 4
e 17 18 0
t # 89
v 0 4 
v 1 3 
v 2 2 
v 3 3 
v 4 0 
v 5 4 
v 6 1 
v 7 3 
v 8 3 
v 9 4 
v 10 2 
v 11 1 
v 12 2 
v 13 4 
v 14 0 
v 15 2 
v 16 3 
v 17 1 
v 18 3 
v 19 0 
e 0 1 1
e 0 3 2
e 0 5 4
e 0 19 4
e 1 5 1
e 1 7 3
e 1 10 3
e 1 15 0
e 1 16 4
e 2 13 0
e 2 14 3
e 2 17 1
e 3 5 1
e 3 6 1
e 3 7 0
e 3 13 1
e 3 15 0
e 3 19 1
e 4 5 1
e 4 6 4
e 4 8 3
e 4 9 2
e 4 10 1
e 4 15 2
e 4 17 1
e 4 18 0
e 5 13 2
e 5 17 0
e 5 19 0
e 6 10 0
e 6 12 4
e 6 15 2
e 6 16 4
e 6 18 2
e 7 8 2
e 7 9 2
e 7 10 0
e 7 14 0
e 7 16 4
e 7 17 2
e 7 19 3
e 8 15 0
e 8 16 1
e 9 10 1
e 9 12 4
e 9 14 3
e 9 16 0
e 9 17 3
e 10 12 4
e 10 13 2
e 10 19 1
e 12 13 3
e 12 17 4
e 12 19 3
e 13 15 0
e 14 18 2
e 15 17 3
e 15 18 3
e 16 19 2
e 17 18 4
e 17 19 4
t # 90
v 0 1 
v 1 3 
v 2 3 
v 3 1 
v 4 4 
v 5 4 
v 6 2 
v 7 1 
v 8 0 
v 9 4 
v 10 2 
v 11 0 
v 12 1 
v 13 3 
v 14 2 
v 15 1 
v 16 1 
v 17 1 
v 18 3 
v 19 1 
e 0 2 1
e 0 3 1
e 0 4 4
e 0 6 3
e 0 7 1
e 0 11 1
e 0 13 3
e 0 15 2
e 0 16 1
e 0 17 1
e 1 2 3
e 1 4 1
e 1 5 1
e 1 7 3
e 1 8 0
e 1 14 2
e 1 17 0
e 1 18 2
e 1 19 4
e 2 7 2
e 2 8 3
e 2 9 4
e 2 11 1
e 2 13 0
e 2 14 4
e 2 16 1
e 3 9 4
e 3 19 3
e 4 5 0
e 4 6 4
e 4 8 0
e 4 10 4
e 4 14 4
e 4 15 3
e 4 17 1
e 4 18 3
e 5 6 4
e 5 7 0
e 5 12 3
e 5 14 2
e 5 15 2
e 5 16 0
e 5 17 1
e 6 7 4
e 6 8 4
e 6 13 4
e 6 14 3
e 6 15 1
e 6 16 1
e 7 8 0
e 7 12 4
e 7 18 3
e 7 19 3
e 8 10 0
e 8 14 0
e 8 15 1
e 8 17 2
e 9 18 2
e 10 11 3
e 10 12 1
e 10 13 2
e 10 14 1
e 10 15 2
e 10 16 1
e 10 17 3
e 10 18 1
e 11 14 4
e 11 17 3
e 11 19 1
e 12 13 4
e 12 14 1
e 12 16 3
e 13 14 3
e 13 17 3
e 13 19 3
e 14 15 1
e 14 18 2
e 14 19 2
e 15 16 1
e 15 17 0
e 15 19 1
e 18 19 0
t # 91
v 0 2 
v 1 3 
v 2 3 
v 3 2 
v 4 3 
v 5 2 
v 6 4 
v 7 1 
v 8 0 
v 9 1 
v 10 2 
v 11 1 
v 12 3 
v 13 1 
v 14 1 
v 15 4 
v 16 3 
v 17 2 
v 18 2 
v 19 3 
e 0 4 2
e 0 6 4
e 0 9 2
e 0 15 1
e 0 16 0
e 1 4 2
e 1 5 3
e 1 7 0
e 1 8 3
e 1 13 1
e 1 15 4
e 1 17 1
e 2 4 4
e 2 5 0
e 2 6 4
e 2 9 1
e 2 12 2
e 2 13 3
e 2 14 4
e 2 17 1
e 3 17 3
e 4 5 4
e 4 7 3
e 4 14 0
e 4 17 3
e 5 6 4
e 5 10 2
e 5 11 0
e 5 17 2
e 6 7 3
e 6 9 4
e 6 16 1
e 6 18 0
e 6 19 1
e 7 8 1
e 7 10 1
e 7 12 3
e 7 14 1
e 7 15 3
e 8 9 4
e 8 14 4
e 8 16 4
e 8 18 2
e 9 11 0
e 9 16 2
e 10 15 4
e 11 12 2
e 11 13 4
e 11 14 0
e 11 18 1
e 11 19 3
e 12 13 2
e 12 15 1
e 12 18 3
e 13 14 2
e 13 16 1
e 13 18 2
e 14 19 3
e 15 17 0
e 16 18 2
t # 92
v 0 2 
v 1 2 
v 2 2 
v 3 3 
v 4 4 
v 5 4 
v 6 3 
v 7 4 
v 8 2 
v 9 1 
v 10 0 
v 11 3 
v 12 4 
v 13 1 
v 14 3 
v 15 2 
v 16 1 
v 17 3 
v 18 0 
v 19 2 
e 1 5 2
e 1 19 2
e 2 15 1
e 3 10 2
e 4 16 1
e 4 18 0
e 4 19 1
e 5 15 0
e 5 16 2
e 6 17 3
e 7 12 2
e 8 17 1
e 9 16 1
e 10 17 3
e 11 18 0
e 12 14 1
e 18 19 2
t # 93
v 0 3 
v 1 1 
v 2 2 
v 3 1 
v 4 0 
v 5 3 
v 6 2 
v 7 4 
v 8 2 
v 9 3 
v 10 3 
v 11 1 
v 12 0 
v 13 0 
v 14 2 
v 15 2 
v 16 1 
v 17 2 
v 18 4 
v 19 2 
e 0 17 3
e 1 5 4
e 1 12 1
e 1 17 1
e 1 18 4
e 2 5 3
e 2 9 1
e 2 17 1
e 3 15 2
e 4 9 2
e 5 15 0
e 6 7 3
e 6 8 4
e 6 12 0
e 6 15 4
e 8 9 4
e 8 11 0
e 9 10 0
e 10 18 4
e 11 12 0
e 11 13 2
e 15 18 2
t # 94
v 0 4 
v 1 3 
v 2 4 
v 3 3 
v 4 4 
v 5 2 
v 6 0 
v 7 4 
v 8 0 
v 9 2 
v 10 1 
v 11 1 
v 12 3 
v 13 1 
v 14 2 
v 15 0 
v 16 0 
v 17 2 
v 18 3 
v 19 4 
e 0 1 3
e 0 4 4
e 0 5 2
e 0 6 4
e 0 8 4
e 0 14 0
e 0 15 2
e 0 17 3
e 0 18 1
e 0 19 0
e 1 3 4
e 1 4 1
e 1 7 2
e 1 8 0
e 1 9 3
e 1 10 4
e 1 12 1
e 1 13 0
e 1 17 1
e 1 18 3
e 1 19 3
e 2 6 0
e 2 8 3
e 2 15 0
e 2 16 2
e 2 17 4
e 2 19 3
e 3 9 3
e 3 12 1
e 3 13 3
e 3 19 4
e 4 5 1
e 5 6 0
e 5 8 0
e 5 9 3
e 5 11 3
e 5 15 1
e 6 8 0
e 6 16 0
e 6 19 4
e 7 8 1
e 7 9 3
e 7 12 1
e 7 15 1
e 7 16 1
e 7 17 3
e 8 10 3
e 8 11 0
e 8 12 0
e 8 14 2
e 9 10 3
e 9 12 2
e 9 16 0
e 9 18 4
e 9 19 1
e 10 13 2
e 10 14 4
e 10 18 2
e 10 19 3
e 11 12 4
e 11 18 0
e 12 15 1
e 12 16 2
e 12 19 2
e 13 15 4
e 13 16 0
e 13 19 2
e 14 16 4
e 14 17 3
e 14 18 3
e 14 19 3
e 15 16 1
e 17 18 3
e 17 19 1
t # 95
v 0 2 
v 1 0 
v 2 1 
v 3 3 
v 4 2 
v 5 1 
v 6 3 
v 7 0 
v 8 1 
v 9 4 
v 10 4 
v 11 1 
v 12 2 
v 13 1 
v 14 3 
v 15 0 
v 16 1 
v 17 4 
v 18 4 
v 19 4 
e 0 3 0
e 0 12 1
e 0 14 4
e 3 15 3
e 3 19 4
e 4 9 2
e 6 19 3
e 7 15 1
e 7 19 4
e 9 17 0
e 12 18 1
e 14 16 4
t # 96
v 0 1 
v 1 2 
v 2 2 
v 3 2 
v 4 2 
v 5 1 
v 6 1 
v 7 4 
v 8 2 
v 9 1 
v 10 0 
v 11 3 
v 12 1 
v 13 3 
v 14 1 
v 15 0 
v 16 1 
v 17 0 
v 18 4 
v 19 3 
e 0 3 3
e 1 14 1
e 2 9 3
e 2 12 4
e 3 4 0
e 3 9 3
e 4 9 2
e 4 18 3
e 5 9 1
e 5 10 4
e 6 12 1
e 6 16 2
e 6 17 1
e 7 10 4
e 7 13 4
e 8 17 3
e 9 10 4
e 9 13 2
e 9 14 0
e 10 13 1
e 10 19 3
e 11 15 2
e 15 16 4
e 15 17 4
e 15 19 4
t # 97
v 0 4 
v 1 3 
v 2 0 
v 3 2 
v 4 4 
v 5 0 
v 6 2 
v 7 1 
v 8 2 
v 9 1 
v 10 1 
v 11 3 
v 12 4 
v 13 4 
v 14 2 
v 15 4 
v 16 4 
v 17 0 
v 18 1 
v 19 0 
e 0 3 4
e 0 4 4
e 0 6 0
e 0 13 0
e 0 14 1
e 0 15 0
e 0 17 4
e 1 2 4
e 1 4 3
e 1 6 2
e 1 8 4
e 1 11 1
e 1 12 3
e 1 14 1
e 1 16 3
e 2 8 2
e 2 10 4
e 2 11 3
e 2 14 2
e 2 18 3
e 2 19 1
e 3 6 2
e 3 7 4
e 3 10 3
e 3 13 3
e 3 15 2
e 3 16 1
e 3 19 1
e 4 5 3
e 4 6 2
e 4 7 0
e 4 8 3
e 4 9 4
e 4 11 0
e 4 12 4
e 4 14 1
e 4 16 1
e 5 6 4
e 5 8 1
e 5 9 1
e 5 11 0
e 5 13 1
e 5 15 4
e 5 16 3
e 5 18 2
e 6 7 2
e 6 10 2
e 6 12 1
e 6 13 2
e 6 14 2
e 6 15 0
e 6 19 0
e 7 9 4
e 7 12 2
e 7 17 2
e 7 18 1
e 7 19 3
e 8 11 4
e 8 13 1
e 8 17 4
e 8 19 1
e 9 14 4
e 9 15 4
e 9 17 4
e 9 18 1
e 10 12 4
e 10 16 2
e 11 12 0
e 11 13 0
e 11 15 1
e 11 18 1
e 11 19 0
e 12 15 3
e 12 18 1
e 13 15 4
e 13 16 1
e 13 17 4
e 14 15 4
e 14 18 2
e 15 17 2
e 16 18 0
e 17 18 2
t # 98
v 0 0 
v 1 0 
v 2 0 
v 3 0 
v 4 3 
v 5 3 
v 6 3 
v 7 3 
v 8 1 
v 9 0 
v 10 0 
v 11 1 
v 12 0 
v 13 0 
v 14 0 
v 15 3 
v 16 0 
v 17 3 
v 18 4 
v 19 4 
e 0 2 3
e 0 7 0
e 0 9 1
e 0 10 4
e 0 11 4
e 0 12 2
e 0 18 4
e 1 2 3
e 1 3 4
e 1 4 1
e 1 7 4
e 1 9 3
e 1 12 3
e 1 15 0
e 1 16 2
e 1 17 2
e 1 19 3
e 2 3 1
e 2 4 0
e 2 5 1
e 2 8 2
e 2 12 3
e 2 13 4
e 2 15 0
e 3 4 3
e 3 6 3
e 3 8 2
e 3 10 3
e 3 12 1
e 3 15 2
e 3 16 3
e 4 5 4
e 4 13 0
e 5 9 3
e 5 11 0
e 5 14 3
e 5 16 1
e 6 11 2
e 6 12 0
e 6 14 2
e 6 15 4
e 6 17 1
e 7 10 3
e 7 12 4
e 7 13 2
e 7 14 0
e 7 15 2
e 7 16 4
e 7 19 1
e 8 9 2
e 8 13 2
e 9 11 1
e 9 12 3
e 9 15 1
e 9 16 4
e 9 17 3
e 9 19 4
e 10 12 1
e 10 16 1
e 10 17 3
e 10 18 4
e 11 12 3
e 11 13 2
e 11 15 2
e 11 19 1
e 12 14 3
e 12 16 1
e 12 18 0
e 12 19 3
e 13 18 3
e 14 15 0
e 14 16 0
e 14 18 3
e 14 19 3
e 15 16 1
e 15 18 3
e 16 17 1
e 16 18 1
e 16 19 2
e 17 18 3
t # 99
v 0 3 
v 1 3 
v 2 3 
v 3 1 
v 4 1 
v 5 1 
v 6 0 
v 7 1 
v 8 2 
v 9 3 
v 10 3 
v 11 0 
v 12 2 
v 13 3 
v 14 0 
v 15 1 
v 16 4 
v 17 4 
v 18 3 
v 19 3 
e 0 2 4
e 0 5 2
e 0 9 1
e 0 10 0
e 0 13 4
e 0 14 4
e 0 18 0
e 1 3 1
e 1 4 2
e 1 5 3
e 1 6 3
e 1 8 3
e 1 9 3
e 1 10 2
e 1 15 1
e 1 18 4
e 2 3 0
e 2 4 3
e 2 6 4
e 2 10 0
e 2 14 2
e 2 15 1
e 2 17 3
e 2 18 2
e 2 19 3
e 3 4 3
e 3 9 1
e 3 12 4
e 3 13 4
e 3 15 0
e 3 16 2
e 4 9 3
e 4 10 1
e 4 15 0
e 4 16 1
e 4 18 2
e 5 7 0
e 5 9 1
e 5 14 2
e 5 15 3
e 5 17 1
e 5 19 0
e 6 12 0
e 6 17 0
e 6 18 3
e 7 10 2
e 8 12 2
e 8 15 1
e 8 16 4
e 8 17 0
e 8 19 2
e 10 12 3
e 10 14 0
e 10 16 2
e 10 17 3
e 10 19 4
e 11 12 4
e 11 13 2
e 11 18 0
e 11 19 3
e 12 15 1
e 12 17 2
e 12 18 0
e 12 19 2
e 14 16 2
e 14 17 0
e 15 19 2
e 16 18 0
e 18 19 4
